6497
894
3952
3170
2433
6973
578
1155
9894
486
8137
9797
820
5536
5006
8925
3841
6123
6623
5825
1999
812
5420
5661
7214
351
319
9070
9037
7455
1200
784
8827
7345
5331
8204
6307
6204
2368
2236
4344
7690
8608
8079
2655
8886
4960
7319
5076
5489
7800
8058
1234
8770
6835
2065
5206
6859
9144
8330
7486
7821
3214
2154
5934
2512
6532
3509
101
2891
3638
259
8203
3387
3852
4636
972
5688
8993
6613
7055
8644
4717
7007
8281
5659
8965
2586
3727
384
3409
164
5377
5862
8974
9476
8421
7498
4355
4139
1818
4792
8046
2462
1797
5184
2594
4770
6432
4050
1036
2724
3437
5329
5824
1300
5959
2102
2201
2420
6901
9254
5312
8894
7691
4511
4641
3986
1411
3400
5976
267
1212
2133
5221
1211
368
4774
9873
8403
2367
6492
2840
7184
1159
9640
8645
5686
6177
9510
3887
3469
6470
220
731
2852
4789
3785
2614
4967
2570
9528
6326
6153
9335
7423
2910
3508
9592
1544
6314
5054
8995
2411
5932
3018
668
9023
4275
7505
3635
4303
8382
9104
2466
8907
9350
9662
5499
7980
9830
2463
8250
4733
9177
6957
3373
2285
5809
682
6604
9459
9123
1025
4056
8083
7433
160
1989
3209
203
4597
4128
6449
8679
1710
8833
9041
9059
9843
9353
769
4098
5387
4796
9941
7304
2817
4757
3145
5533
7196
7919
5943
3135
817
3255
5225
9379
3477
960
2310
629
708
6809
2595
6464
4108
3916
341
1263
6081
2554
4563
4217
7911
2050
1324
6258
7662
8087
4282
3367
5022
1167
1911
3064
3599
3399
3338
9463
5648
7269
2222
9284
5711
8794
8754
4179
7767
4429
2136
4327
9077
8970
1895
3095
6056
5264
1143
8200
3699
303
2537
6387
9345
5868
9737
4260
222
4410
3065
7392
550
623
3901
4090
4893
5687
1985
9779
6884
9835
153
9196
1278
3780
198
4220
8882
5841
119
9118
3049
4212
6356
5237
2835
9591
7145
2707
4938
1881
9911
57
2789
6424
9713
4376
4908
8887
2148
5540
8290
946
9679
8546
2967
1580
9474
6826
1132
7589
4143
3404
5971
5174
5890
6460
9524
3417
7047
6659
1910
3333
5958
6313
6881
7340
1713
175
5024
5938
7793
6425
6971
5267
7606
916
8801
7229
4399
2018
7592
1158
9772
1658
8757
1395
4734
958
9576
617
8506
6203
6650
947
6679
8390
1355
5680
3626
2920
5544
3778
8713
5952
6539
8975
510
7283
2469
3959
1755
2538
8405
4902
1991
5956
8641
4278
8361
297
6071
5875
6181
6348
8056
5317
725
5791
6451
1217
4692
4008
7582
6646
9674
302
1704
4430
3198
8621
9539
2528
4198
9712
4037
4612
4635
981
8291
4343
4445
4722
3351
9390
4572
5122
5854
3612
1586
9639
465
3492
1500
3551
7233
798
907
3163
5816
1452
8866
9044
9499
6784
7764
9596
2383
4110
9273
733
3377
9926
1220
4618
8786
3427
1521
927
49
9400
4113
5126
2860
8693
7432
4386
1848
848
8723
9019
4457
5082
406
8583
8032
675
2859
4246
360
3495
1861
8988
3218
7726
5639
6907
8901
6272
5298
4156
9621
6288
3582
3148
1836
2158
3375
5700
3505
1558
7904
3365
2011
3031
7236
3334
5543
158
531
6282
7109
7877
501
378
6751
1477
8307
7118
4431
6456
7256
390
8423
8109
277
5490
2602
9807
5782
4903
6276
747
5062
1264
9211
4978
9915
9610
743
9142
5470
624
9413
9709
9741
5427
6262
2831
5757
3102
1675
3992
331
7545
6059
4782
5304
456
8867
144
1629
1129
9755
770
7059
8102
6690
4879
9968
1097
7386
2140
9261
8678
5624
1763
5835
6266
6673
6640
1407
5385
3011
5795
9975
3139
778
5851
4033
7446
4117
2648
2666
6253
1765
6718
7132
764
8563
440
2629
2279
8943
2167
4634
1482
8793
1988
833
6503
2893
8041
7551
4678
6899
9388
4907
6233
5047
7063
7246
9179
1547
2263
9757
1727
89
8940
8795
3636
8051
5610
8589
1180
8364
7450
6230
6439
7653
8454
8368
6507
3827
922
2862
9983
7127
3743
8060
8658
7091
8615
7721
4293
6346
9571
2476
3644
8910
1099
1245
2980
4933
7179
3083
7846
7668
9868
8530
6683
5086
9695
3907
3689
4674
5190
5894
3676
4953
3035
2131
9496
4675
6525
6048
5005
7729
6106
2757
8869
7082
802
3109
5357
8606
2286
8099
9856
5677
2117
223
3039
3750
8194
7291
5593
3667
5333
9228
2144
2239
8730
8986
4501
6612
3281
2113
3777
1512
4097
7122
3259
8576
3044
877
9655
8778
9399
1894
3521
5199
1259
6146
5779
9256
8375
8841
1829
7830
7651
7324
515
9875
6941
1421
1641
366
9575
891
1618
7601
2558
1613
9440
8078
7813
6283
9063
9168
7774
926
7086
8554
4112
6054
8061
4719
1161
1113
3096
2685
1557
5171
6481
2808
2641
6939
4436
6221
3297
4180
6779
7016
7426
3877
9800
2036
7134
4622
8990
4586
4151
26
354
8274
8183
2908
9230
4007
4263
9428
7634
8228
552
1632
4337
9401
3156
2416
9462
3871
8591
6127
7579
9016
651
642
3968
7633
5425
5291
3823
3665
1000
9628
7513
6801
6645
985
640
2205
2138
489
4063
3755
4318
4971
1176
7290
6892
8854
5618
6014
917
9040
9382
6340
9034
4558
2247
2183
4452
6162
2412
887
3475
2251
307
6533
5839
7484
6161
7289
7080
9263
8438
5103
7745
2521
4644
7064
471
2672
3776
7343
2072
1381
463
830
6631
2395
9244
3276
3192
7060
8896
5897
3643
1235
5502
4871
4917
8556
294
8247
4441
7013
6003
914
686
9782
3317
4503
1272
2758
9106
2195
3313
5666
8562
3382
4034
2734
9481
6896
4886
2276
4280
641
6085
6391
822
8164
9727
771
1548
7533
3988
5114
6581
1085
9128
9121
4819
5217
7096
6701
2351
2228
577
9352
6675
4877
7066
8951
1778
3617
3473
8358
4538
9769
1233
5806
8367
965
7292
1832
1422
9577
5484
2690
4784
3279
5044
5123
9182
9066
4221
9884
9358
9438
1976
33
2337
9607
4749
123
8525
8432
5021
2174
5598
6620
6234
8378
3847
8650
3608
391
3393
2837
1339
3996
8775
4302
7970
6936
394
6965
5110
4554
4487
7187
2421
8327
3406
5573
2382
4621
4705
7676
4892
7732
6341
4352
4549
4804
3054
1458
130
4979
6841
7169
1688
8306
6039
2177
4489
8891
6252
8302
4732
9928
7014
2180
9988
739
4408
6876
5340
5970
1104
5953
9617
2211
7746
9690
1394
4432
5220
2741
3008
4015
376
1063
2017
4285
7328
2452
154
4786
5768
4640
7372
4526
559
1556
7457
1279
2226
8561
7561
4265
273
5481
753
7766
4584
7216
4821
8853
1847
5057
3190
1992
4901
2793
5992
3601
3196
3717
9363
8557
214
7784
4475
4508
1775
8490
1404
6599
6053
8497
8270
9207
1372
3348
5933
5679
5043
7734
1377
2689
3032
1690
1465
2628
4038
1224
3892
4670
4510
3099
3908
3912
1140
5620
4418
2437
4239
9471
8038
4962
9465
567
255
1198
4200
7905
1457
5878
5945
1816
9391
7193
2943
795
5493
5588
3069
1682
7294
6468
9882
4311
7780
5410
5478
6672
1546
5877
2944
1718
4753
1098
9281
4401
3971
9842
2480
8452
9900
7583
3793
7555
283
9127
7006
6462
9367
542
4835
9758
6035
4750
9784
3756
3315
124
5668
1064
7556
7481
9933
4814
2598
1154
563
1522
6009
8538
890
7487
704
6878
4822
3236
600
4497
6523
5587
7222
3993
9693
3047
8156
4758
5352
4875
6402
6698
9828
3985
6847
4262
4325
3074
5384
5625
3572
4304
5391
9455
8914
5905
710
1900
2843
8319
393
6347
3442
234
5623
4541
6100
2450
218
1006
7297
3822
5785
6206
4357
6862
2756
8874
8163
5370
3956
5787
6477
5706
3700
6564
6963
4044
332
6345
4756
9396
1610
3565
7258
8689
4486
285
858
6353
8428
9893
2561
3629
4471
8485
9746
4054
192
4464
8987
6898
7807
2264
9615
2566
3687
7882
6398
5836
8001
6531
392
948
36
2697
6333
7067
8768
3090
1607
159
7856
1896
8028
6594
1731
8568
8258
8383
3896
632
131
9790
8173
2895
5096
6329
5034
9216
2390
5832
8607
7530
8588
1931
6517
6979
5041
9000
4977
6010
4481
9198
4673
9427
2650
7293
9623
8005
2137
1125
4231
4023
9808
9264
1708
9158
5812
7136
3271
6648
757
8352
6200
4153
8187
6814
9970
7940
3458
6093
7342
1447
2955
6383
523
2184
7149
3838
446
7571
7698
2579
5999
8016
7142
4869
4141
828
6717
3983
2728
5482
8571
2054
7733
9629
3961
6920
783
482
9721
338
7837
5275
7326
7925
5346
4155
6075
4743
8522
6526
5968
2252
1369
3368
76
9965
504
1762
1559
7278
6714
1072
1935
6676
4381
3491
9042
2225
9953
6956
5339
3880
1400
7120
7418
2212
2302
6565
3007
7523
2823
9069
1685
2939
8415
9540
7153
4309
9895
1060
3511
284
9638
5962
5111
4551
2470
6926
8266
4372
2028
2931
2372
4073
4147
1942
3341
9411
5574
6785
6220
5411
2825
5674
2281
7274
5909
9487
1015
8143
6167
5205
1441
355
6592
6188
2577
5214
8418
3649
8733
2438
4807
871
902
6386
879
9229
8540
5108
3618
5065
6889
3019
5100
3398
2407
4368
6588
6426
3850
7938
7146
3957
6895
3826
6633
460
9208
2898
4623
7958
6027
7559
659
8287
3561
7307
4863
8280
1564
5790
9036
8185
4434
2009
6069
7643
6933
6459
9097
696
4567
415
6535
7496
8964
4061
990
4874
905
8772
4482
3768
9831
1854
3865
4296
2069
5985
925
7467
246
4598
6205
8661
5272
5216
129
8626
6671
8876
1128
6715
3362
1588
9822
4577
6366
4837
4057
6991
1240
6260
2768
6457
4152
2927
3388
4123
505
8144
7617
4726
901
1835
754
309
9991
9030
484
4924
1275
1385
2600
7697
3738
5032
8242
4652
8664
1575
6708
2712
603
8239
8917
2739
1715
2096
4053
692
3772
9051
1611
3121
7736
2492
8564
4369
5109
1680
9052
9050
1353
1561
7833
37
7478
383
5772
7622
4881
2160
4544
1410
6653
8979
1317
8309
6548
5567
4305
1398
1951
9513
5717
6628
1081
8422
9685
6057
6410
4394
6750
4823
2375
2191
5324
3200
8533
8265
897
1787
7371
3872
8456
8848
9477
4072
2258
3059
1954
8838
9192
1293
1823
4291
6501
2713
5293
8558
825
1221
6483
9257
745
5684
7445
7995
3555
2044
648
8298
244
2745
7051
4859
5414
1368
5181
2118
1929
2294
9813
1337
4791
3698
3590
1375
4620
5856
5140
5703
6225
8271
8672
1739
2715
8174
3045
7983
9213
1413
9480
7681
2444
4454
219
3057
9124
7910
8092
1262
3103
1471
1978
58
2086
6514
2794
2850
79
4646
5075
2047
2402
6444
9676
3990
1166
6033
3479
7786
5556
7864
7635
7741
1573
6823
6082
7430
1169
8096
1962
3434
655
9221
3857
9206
5570
5279
4956
9890
2435
5693
5592
3627
2772
62
2513
6191
4185
9724
9159
1283
2358
1644
5690
377
4647
3164
2274
7804
7812
8491
912
5794
3902
2165
5635
2230
169
2742
1483
8846
7654
6929
1019
4423
7761
5720
410
1608
8521
7951
3357
9580
1714
2646
2010
7731
5645
4980
4825
3397
1653
8460
4793
5010
4070
8636
6247
3960
3088
3216
6856
609
7966
4109
2364
3161
6864
1570
8442
2082
4252
9501
5124
9086
2196
6290
3502
2336
3440
9409
9172
6330
8172
3110
8312
5453
7844
9826
7703
7927
1877
9429
7984
5131
2291
8464
7275
8284
5584
8780
4264
4297
4775
3966
6783
532
60
6591
4349
8916
3304
6255
293
9650
7135
47
4590
5602
5150
5605
260
6019
8394
2132
1844
3794
4142
5518
9626
7753
2173
150
7465
9557
4872
6183
1744
5409
1536
7704
8575
7388
2063
9068
1852
9545
2410
9004
4411
5509
195
4570
569
8765
7270
3549
5472
3657
3233
5756
9985
5146
6555
4740
956
7464
1677
8954
9653
7715
882
7578
8388
6967
2632
5532
2970
3191
4761
6855
888
9314
7203
3711
1543
2317
1285
9788
2188
4693
1141
1767
5819
962
3413
2456
7814
5506
6832
2937
6086
1880
4473
2349
3085
2360
6475
4258
6863
5636
93
196
1621
5381
113
7773
8080
8873
1417
8823
911
6689
8413
5318
1906
8957
1416
513
6361
1738
2615
9024
5362
7835
4714
2190
9817
6480
1636
1963
8728
777
8215
4888
3562
2033
292
861
8548
8463
2083
7204
723
772
6257
8373
7466
427
1053
6627
3055
7264
9563
5036
9163
6430
4504
7953
8269
5613
3690
2669
2918
6641
2454
1148
7631
8743
7131
4935
1622
8440
4256
618
7427
3946
9402
9506
199
5848
6595
5743
4182
995
801
2169
9012
5228
3950
8153
6524
8674
8289
5093
6224
3108
2542
9948
5211
8744
8468
6058
2335
6496
8380
5179
4972
6566
9275
3677
6385
8617
8718
9792
8499
372
8512
2509
8915
9686
8241
3506
970
6300
4941
4583
6669
1150
2481
2400
2341
5973
3634
444
1766
4833
6935
3806
5302
8303
6674
673
1972
2787
1223
1779
7989
2806
2007
7778
9796
4124
2549
834
5492
9774
4990
3447
4028
3801
1012
971
1179
9132
662
3405
6636
452
3603
7609
8484
2233
5039
5449
6471
1065
2620
5251
782
1555
8684
5295
9347
9297
3006
8756
3622
1086
2748
8111
8736
6741
3592
2178
1182
5965
2633
3894
5926
5853
43
2953
1426
6854
6299
1139
6754
919
6303
3566
3372
6134
7922
6338
7790
225
3137
53
8420
6115
1378
487
2393
5631
1602
8272
4467
6733
4818
324
952
1382
5523
533
6739
493
2288
1684
9841
9921
2283
5101
3496
9940
7313
8731
1901
2751
114
1146
4697
3371
811
7679
9658
4709
2488
1215
5612
7852
9214
174
5392
4573
1433
8003
248
8742
860
5393
3554
4228
8244
289
7851
3855
506
2216
5106
5367
9700
3861
3573
5891
6080
2674
9369
1051
7669
9445
8243
3140
1807
8234
4360
8712
6813
9996
6131
5213
1635
5664
5119
5727
1970
7950
8246
5326
2987
243
1237
8459
775
3510
5900
5998
3834
6964
6328
6022
6658
9054
2240
451
2553
4458
2129
3669
9274
1325
4650
2419
6579
5451
5389
6504
1507
6174
9260
2639
1110
4040
4948
3935
2622
915
6120
1917
2796
1144
748
11
3084
7573
5637
2694
8527
1949
1084
9637
9641
8802
6664
7521
560
7226
3229
8535
5141
5986
3003
286
6114
9648
1771
6975
6982
2431
6757
9074
1941
9039
8934
8121
2989
3318
4230
8720
8476
4737
8178
9850
275
9102
1817
6632
8657
178
3527
8714
9854
6445
3513
5052
6557
2091
5844
5669
6666
3254
121
5262
1383
9422
6567
7049
7421
7655
8427
4950
2439
6932
561
7251
7537
3640
367
8635
5546
6663
7763
2855
9233
1123
4183
8435
1756
1490
4943
6909
765
4701
6155
2257
6569
6374
1947
8000
4390
6413
7175
3179
235
6985
808
2532
1996
6729
6725
4947
7023
9863
1356
7885
5529
8920
7942
1208
8075
8908
2882
7009
9589
8131
8537
9173
7827
2803
8858
7208
2644
6571
2477
7069
7597
9504
7244
2499
7302
6865
1193
4091
6696
2414
5746
4107
5223
7890
910
5652
1567
1676
1056
853
6032
2278
4453
1022
2717
3009
4035
9794
7419
4079
7593
1124
1116
7405
5828
1409
2645
398
105
821
2458
9368
4767
7088
4237
8426
9215
2999
720
1162
7972
6489
242
5020
3127
1516
1191
9864
5351
3356
3026
5175
8574
1041
878
9449
8155
9956
2966
7077
514
8195
2029
1639
1943
8042
4145
1364
1431
8020
1007
3420
4559
4500
8249
6767
3656
4630
1434
3136
1860
6351
1396
4095
4277
6249
7095
9643
7722
1467
9511
9043
1907
2143
9008
443
1370
9534
3454
9337
8162
7557
1619
7218
1624
385
3231
7769
4954
3374
613
9959
8890
983
8336
4224
980
249
1650
6807
4173
5601
9028
5208
9819
657
3183
5838
1354
4627
6937
7491
8945
8560
7479
3625
3648
5189
9424
262
7202
6184
7339
208
205
1853
7899
172
3493
2775
2296
210
4462
4273
5881
5802
8976
3560
3005
5582
6124
4359
6610
6888
5895
2950
4653
6215
4244
1256
2856
1026
78
5137
2306
4695
3807
8169
8935
3518
4442
2197
7380
8716
2896
9924
8152
7285
5341
3922
6959
4633
2200
7011
3038
4448
4083
6132
8498
976
3320
9381
4332
2753
799
2406
7248
6110
9537
6917
1923
2387
4944
2511
3910
125
672
596
9380
7497
7354
9711
8208
1800
9505
8124
3742
3129
9754
9630
9007
8862
2032
6880
2938
1384
1772
4405
840
5405
2571
9252
2235
6978
8256
2649
9241
2845
5741
1754
9701
9833
8509
1454
326
2039
7158
5085
4253
7590
5701
3344
9224
5619
5242
9502
5476
5017
5388
4324
3386
1136
4578
7456
5095
166
3839
3914
2670
5135
492
3646
9780
1686
3430
291
9689
2424
7106
1291
1304
6904
3076
8810
1532
9910
9301
3767
6016
1938
2677
874
3264
6076
2194
4739
9616
7652
1070
8177
117
7044
4395
3146
2688
8014
254
2260
6331
2993
3494
8043
8766
1428
3595
30
4998
1802
1742
4161
814
1133
689
7944
805
4287
4575
7138
7906
7436
5807
9113
436
1296
3898
1079
6092
8603
1418
6241
8159
145
7286
7878
8845
1913
6810
7531
9546
5719
6001
6074
9745
3799
6043
4288
3058
5557
5144
7754
8148
8366
3114
5260
4751
4126
6719
439
8424
5500
7209
855
650
3267
1267
5995
6576
9578
5289
4222
9702
9708
6606
6216
9795
9081
9188
2280
8699
8040
6949
9426
9064
1728
8648
9140
6037
6843
3542
8084
7539
2605
7087
8903
2755
245
4768
8637
3536
4591
247
6046
7128
6593
1405
5822
2548
253
6429
590
3220
4184
1445
6317
3105
1659
6742
9193
9609
787
8740
6603
8936
7414
7182
4377
5398
768
4012
2142
2243
56
9448
6731
4992
6798
701
6753
3342
1656
895
2906
1579
83
7917
4605
9423
8958
3234
8329
1867
5738
3227
5139
5692
9579
7961
9742
4812
803
8805
7685
8819
3706
824
1967
666
9981
1679
477
231
1701
8843
9710
6804
9536
7828
4607
7883
1213
1850
3205
3253
5376
2915
5871
5737
5143
8735
4976
8599
8451
1216
5997
6270
2706
687
2792
6399
4991
7978
1801
2876
4087
556
2592
6618
4826
5315
1578
868
9809
1073
1456
8385
4084
2604
9094
4298
9139
597
3886
4465
7845
9675
3097
8929
5607
4683
45
4415
1269
4371
17
1093
4524
9914
5776
7215
7116
314
9989
1958
221
9587
4341
6938
1983
2654
1873
7221
5435
7133
992
6169
2875
7400
7866
6803
9013
8107
8877
7872
7725
7991
1247
2099
8150
8
6359
6522
4009
5640
6207
4985
315
6903
3237
112
1321
2790
2013
7005
767
7359
1538
9519
8926
7413
2976
5528
9851
3063
2676
2210
8181
6732
695
1403
1319
8953
2932
470
1204
5487
1013
3831
6422
6494
4356
5721
785
1320
8900
4396
2176
2780
9135
3249
6380
7240
5990
9855
4961
7459
9687
81
1700
6049
5016
5525
7098
9279
7070
8638
7603
9155
2308
65
3168
880
1918
530
8566
7504
2097
2363
8918
6070
134
8688
1776
7232
2277
9356
4345
2947
7762
7243
7105
2048
6687
1069
8524
4243
6292
5744
3739
1475
1637
8513
8808
1195
2079
3411
3286
1107
5606
8614
8605
5240
2503
8627
9240
9285
7663
3487
9673
1338
4340
7441
9296
2853
3330
1664
142
5716
311
847
2841
6197
3203
2776
1540
9461
2005
1694
4742
8328
6148
3441
9327
6752
6390
6983
1670
729
2408
7477
610
2774
7788
7870
8082
5654
1706
6871
6614
4196
4223
8112
2073
9594
3339
5649
5077
6226
8264
1380
5742
9601
5892
8880
5599
3078
4031
5299
3819
1785
4030
3036
6096
363
3835
8419
8225
4032
2483
4077
67
3775
5088
7598
6394
9880
3466
1443
5258
7618
3607
9096
1042
5336
6377
735
2968
2834
369
2355
9932
3556
9194
758
3895
8632
6002
29
3462
8429
9969
2374
3721
122
3252
167
7684
9406
182
3718
2560
7154
4247
5758
7673
1225
9979
1412
5939
4545
4068
2482
8104
7272
3
7696
3360
9879
8850
9527
3258
6686
5762
6414
9876
8753
2708
1674
2269
797
3920
9001
2815
3436
1592
8835
8670
979
9293
1821
2640
4957
5735
9912
3046
4140
872
1709
2695
9870
1582
3791
3579
3825
2725
2737
179
4160
7443
6619
8136
4419
6831
8508
2139
2612
8135
9608
2461
6819
3446
7974
1520
5013
8592
5074
7783
4397
7815
6552
4491
7701
3116
6787
91
5394
9619
719
7842
3328
1627
3174
9815
8930
8999
2585
2384
9189
9961
1122
6851
6461
2498
1506
5168
256
1560
8223
9089
8166
2597
2527
4846
4968
6912
9599
1227
8145
1662
2777
2087
7810
1782
6142
3645
3520
1152
5704
9351
1350
5899
42
3786
7475
7664
2584
2232
8584
1534
8649
4323
6447
5846
1493
4868
8871
2686
7322
3275
99
3584
4883
8444
8860
9299
9185
846
2827
1274
3884
1157
5796
3167
9364
6246
6268
6774
7524
5180
9378
8033
6703
1924
7040
1057
6879
6275
5416
5338
9944
1302
6243
4529
5408
732
6420
2833
9860
1645
6487
8800
3598
9237
1841
519
4779
583
1367
5466
5084
5865
7393
9446
5916
1620
5196
5259
6611
494
7273
2720
3169
2854
6999
1174
9982
4592
3432
1893
7181
4078
176
1975
1892
7584
4912
9644
420
3893
5504
6077
2403
4708
8186
5663
2940
5903
4963
5048
6642
5495
548
9286
5383
4334
9984
3158
9517
3991
649
2828
187
6694
2785
2130
6388
3070
9315
4211
1902
7871
6087
699
7143
5035
6214
239
8176
6716
7266
6916
4476
512
6665
9865
8968
3802
4928
676
7084
6236
4651
7024
9801
9344
5310
4625
1974
2432
3564
6891
1750
3353
7508
4988
9993
404
2533
5325
2327
3994
685
594
4539
6274
669
621
7406
8984
177
8815
722
3481
4813
4101
5736
5250
4728
6820
9668
6740
6367
3782
4484
691
8202
3403
1345
4461
8106
1207
1614
4940
2115
8769
2275
8478
4120
8282
3185
3162
7979
2517
6117
7206
9029
4114
8980
4181
503
9930
7119
6794
9620
6744
900
4969
3800
9613
586
8059
3126
2733
7744
1038
6261
72
4157
7581
7820
9312
9436
500
3381
2567
2752
3550
2929
5813
2738
8690
8653
2284
7515
572
4514
3633
6667
1717
3478
6090
4121
9495
435
5156
8344
5154
1316
1188
4267
2687
1379
538
9707
2134
2471
639
4619
7019
230
5436
4606
5702
448
4986
2714
3224
9451
6116
2049
5210
6372
5313
6605
5681
7595
8130
9656
4847
7963
9174
5801
3370
1971
6622
8088
3726
1253
8168
9840
9752
1196
4995
7765
8696
1946
6945
3075
6894
7748
9857
9398
1202
9346
1251
6748
9670
7137
2864
5138
9138
9491
5475
6554
1236
836
296
1229
6897
892
5621
8015
3964
1290
2075
2975
3294
8972
2024
4348
6441
348
9698
6223
4111
4887
8347
8698
9143
5517
7309
5963
6068
6966
9918
5440
9677
4373
322
4535
3889
7267
8334
6360
4965
6758
3394
7358
7495
2675
8708
8803
8179
7447
6193
3498
7448
5873
5081
5879
3187
5147
241
1126
4666
68
2112
2930
5565
5249
2427
4321
1933
1029
7896
8057
9852
7920
8677
8715
9987
8365
6812
6711
3610
612
5430
5281
954
3930
1171
8024
8252
1138
7863
7541
3378
8207
8199
744
6586
5946
7390
9562
8814
6900
535
6942
3476
8949
4175
5067
2557
5023
2146
7575
7125
6316
1052
1830
3243
982
6660
3030
4658
1838
2386
3068
8790
2868
9651
3995
3052
1697
7854
8831
1769
5069
5011
8386
6166
5989
7747
9903
5657
141
8321
1326
1071
1643
4045
5255
4987
8100
6418
156
3470
9147
884
3263
1131
5198
2892
8781
3408
5261
9771
6762
7621
454
4682
8750
7382
8694
8776
8125
3757
7912
4042
3538
5597
6442
343
7017
4568
656
1703
5241
1492
8897
8047
7992
9119
7892
5522
8170
1231
1912
1496
5403
9612
7068
3934
8248
2271
3577
9203
193
8946
2771
9729
4766
1784
2250
202
1254
5456
4444
3842
1617
2719
6409
8784
5855
4232
8210
8822
6138
7611
481
7596
7451
7849
3177
957
4840
2347
9493
4307
5056
2370
6352
3578
1197
8552
8126
1590
5363
761
7161
4169
7730
8655
2322
8209
4449
2601
2899
4133
4485
3942
455
1519
2272
9321
7994
6736
2156
8076
5097
5708
8441
2159
424
316
6502
161
9292
3883
5564
4201
4662
2636
6848
9719
3722
3122
495
8006
8493
3223
97
4165
5987
2541
375
4848
1668
6119
3812
1314
4336
7185
6486
1898
7957
9021
680
2052
5374
2329
8640
1751
6505
2436
6294
7054
7191
2429
9992
4934
39
4516
3091
7041
7879
4911
2068
1969
6411
5675
8932
619
5818
8569
4895
8692
1333
6259
3809
4403
2185
4951
3925
2080
4238
8863
951
7186
3460
3619
1030
9443
2730
7862
6602
8180
2683
6724
6597
7499
85
1436
1997
8539
8928
5497
6018
4412
7735
4499
740
899
6325
9332
15
4366
670
3702
5354
6638
2321
346
9247
6137
9067
3486
9706
5133
4024
7280
4520
1074
8762
2956
476
3228
8238
7053
7347
1078
3881
7225
3670
5468
6156
3773
1535
2909
7449
6064
138
9512
5421
601
9349
8446
8996
9122
8158
7373
7929
2575
9823
7152
7197
2430
1298
5026
3080
3154
6869
419
8049
6311
468
4827
8748
143
7675
278
2514
6656
6670
7817
5349
3132
422
841
7083
6324
9434
206
2297
1736
3673
9200
7564
9901
3307
6988
3215
9056
1764
950
1177
1979
4385
8545
4062
4186
4981
8817
2520
2249
5233
7642
8449
2826
9920
4283
4314
216
8809
6061
4936
6707
7955
9500
6453
226
2778
3938
1781
3735
3987
2804
7751
6697
7636
8103
1102
8777
6923
5467
2642
1088
2961
969
4580
6977
1455
4404
1194
7176
8544
3144
3519
6829
2546
8113
7288
3628
8517
3843
2104
6625
2209
2871
2727
4257
2770
9126
5000
5539
7387
3013
3899
4594
2536
2135
7102
5982
2656
1001
7776
5653
3451
9816
8991
1054
5872
4478
2851
7775
867
1432
4162
1840
2844
7894
7988
6695
1554
4294
9453
5441
8613
2035
7389
7756
3522
2665
4668
1463
6728
279
8253
5092
7018
7644
3684
6866
6537
116
7993
2948
7004
8647
6727
5830
3438
8587
6195
1518
2839
257
190
6765
9494
3390
2799
5266
5799
3613
5979
3086
8652
4882
6980
2460
488
4358
6637
4763
4932
6790
7838
6125
2530
7945
961
1472
4051
301
5591
133
3917
2217
4144
1045
51
2811
1859
6584
9945
3972
6974
2941
1134
9606
4716
7542
2418
12
3885
4479
9
9339
4688
7263
2983
5300
4631
1226
4843
752
2490
1857
9636
2887
5120
5359
7431
7607
2696
9853
282
2997
7312
1068
2802
2626
1711
3452
8221
843
4248
3965
1581
3984
4904
893
3526
9328
7848
8387
2002
5991
9799
574
7639
2761
8505
441
9355
6435
6023
7201
6165
7801
9588
5072
849
8686
9683
2333
6621
4639
4115
4655
4949
5512
4134
1322
7645
5235
9300
3563
2912
1362
5545
7183
9763
5538
2313
5
2305
6834
7933
9887
5276
570
6986
8625
3586
9047
5935
409
9294
429
4565
2107
7507
6644
7723
162
2034
4437
8397
2866
8884
7189
591
3614
3770
6850
6101
2957
9663
7562
1563
4317
1232
3837
7351
8007
5642
9403
4206
2701
266
4468
107
9997
9883
4864
4556
4456
1612
1343
6187
2332
9955
8747
5745
4105
1004
7782
3790
9386
1246
4306
7841
2493
3261
2888
1094
6508
3840
7939
9146
8594
3558
7250
9331
713
5633
2723
2366
1425
1616
2261
8034
5579
163
712
4266
8481
3875
9432
2590
9202
1286
7415
791
8217
1773
4342
388
6044
4269
3015
7453
3308
7130
908
3824
3290
3759
7114
7097
5238
5814
3869
9393
7700
4014
2963
7470
9365
7057
4335
3178
5730
9581
4234
6335
7610
4984
7585
3067
290
664
2865
7170
3982
305
9276
8192
3423
2203
6562
2847
9544
4488
6908
2056
4832
2426
5685
5923
1953
5042
4187
4130
1833
6147
4225
1517
2473
8933
3919
3944
3737
7073
1980
760
3449
9022
1757
4616
4286
4547
7412
1486
3954
8475
6772
20
3587
8651
7594
3904
1401
5445
8133
1955
7656
92
4512
2609
3571
5003
4127
5372
5761
7987
9535
6454
4910
7514
558
5724
1009
8184
4925
173
3061
2588
41
2467
6769
4292
3974
7444
323
3574
4284
9582
2145
1346
9317
9542
8406
1866
844
5731
6078
6946
4249
751
4660
3552
8305
5505
9395
9242
457
3124
2071
2897
6179
6051
1788
6212
9239
4599
7337
8216
3783
881
773
2883
5978
9366
789
1939
4268
5589
3407
2015
5334
6693
1020
8230
2163
1408
1391
9583
6467
1181
7982
5911
9447
6521
4300
1761
2153
25
428
4603
4158
6309
2245
5548
5568
9265
5763
1163
1014
111
3642
4776
330
9098
4029
1795
8804
1329
431
9354
8425
9600
8998
6159
7996
6407
4958
9111
8294
967
5486
3324
7661
6738
3671
3296
1936
9078
5294
4281
7458
9032
2122
1576
6547
7015
6928
1260
7156
6626
9829
7110
1863
3439
8011
6806
8905
9554
5748
2051
6518
386
7671
3147
185
8070
8542
1103
3606
22
8710
599
1011
1028
9278
5029
7333
8407
3412
2354
3781
1303
479
1837
7709
5803
3062
5723
3424
2568
9529
8189
7489
3206
48
876
9002
6436
8346
3559
1811
478
1783
4579
1796
7525
6969
10000
1137
2126
7261
4391
3813
9995
4608
3658
1539
5019
5937
209
6302
7909
3811
2237
414
1699
9963
7843
8259
8095
5874
3691
4235
472
8465
8787
4189
3752
3948
5479
9760
9385
2265
9287
1826
3081
4136
736
8338
490
593
837
6376
1678
3605
1510
9133
4203
3588
9084
8761
2556
5834
7850
1414
5922
6073
9076
7977
3731
9405
5810
9971
8182
6428
9964
9387
850
1531
4242
9994
4919
1120
7317
3166
9197
2749
3530
6795
7210
3034
5121
5786
3443
3471
3905
4375
7025
8597
6931
1214
7572
5860
7094
6312
4931
8161
4829
8160
9521
2445
9654
2998
3589
9110
2684
6662
8363
6065
1623
4085
9323
6609
5287
749
3112
1087
7693
80
4571
6852
5831
7503
920
2066
6344
7969
1249
4993
5626
9811
534
1722
3414
7605
1793
5230
2913
2988
5966
4831
5348
7886
8052
5628
1340
7188
987
3548
3222
9942
9370
4214
3973
716
9160
1406
9407
6112
5177
750
4135
3151
7144
5494
5789
9065
4905
7574
6334
232
7360
8027
442
7305
7743
5428
8785
9307
8044
6133
943
1597
7268
8992
4830
6448
5303
2565
3659
1638
6251
9270
2800
9665
7213
973
1089
9531
5301
8222
8749
4773
6838
7563
9136
4842
968
9672
8779
2692
7231
8285
7407
2691
9302
5864
9747
9929
2059
7397
1024
5581
7462
9343
7401
2105
5263
8681
3765
9191
408
7217
108
5712
7646
4588
9585
2443
6378
996
4762
9277
8555
3329
3693
2805
9478
3749
2986
7874
742
2569
1824
6685
359
5145
2709
8662
6529
6808
7981
9280
4420
7710
9311
8453
1689
9838
4945
994
1332
4351
5080
3239
7148
5418
6580
6405
4421
7003
6771
8856
2551
9099
9199
1397
5112
2587
9454
3891
4681
2440
8389
7853
7126
9439
4748
2081
2464
2282
2952
2710
4745
8337
4407
3014
1529
8734
6067
5447
7042
9359
7811
2046
2109
6350
1178
7794
3977
2338
362
3453
5193
883
7660
9157
4927
5670
1888
4483
5647
7383
6403
5919
7089
8062
1791
7666
9756
8026
9326
1758
3637
6474
7241
9180
9437
628
8947
299
1915
3079
8350
2992
1331
6853
387
4204
8198
2671
1307
9798
2114
3745
7797
721
8582
5808
5226
592
1609
4199
8343
5322
6976
1105
1101
2085
5188
380
1323
137
3820
4328
9867
896
9376
6816
5896
555
5826
8570
3311
9525
2124
1565
8296
1438
2905
2380
483
3326
9661
6788
5424
4959
7534
665
1957
7750
598
2023
6700
4463
1533
6990
2423
1615
4880
5906
537
6091
726
5800
8224
464
8472
759
4581
2392
2179
2491
5804
6012
5707
1995
5950
3758
1948
9329
2487
32
2907
3583
9533
86
4159
9360
8585
5949
6446
1577
5902
5060
3660
7708
1082
3713
8455
5783
4970
7001
4400
412
6491
2404
7048
7789
5617
2497
5197
9657
5524
3517
7915
7674
1660
1501
304
5129
1359
1238
4382
8205
9062
9190
336
2552
8977
2926
8788
5178
3851
1527
4164
4778
3303
5608
4350
974
1640
5465
2256
7711
8072
522
3557
9125
9974
8609
3202
7295
9420
863
6427
5729
3157
1673
2616
1726
7361
6868
4313
8634
1743
3159
480
5186
1603
5243
7353
5439
1746
9761
3741
5311
681
8017
4470
5343
2591
9734
6228
608
4656
646
8333
4805
8813
7520
9785
140
5204
2161
6045
9666
64
8844
6994
1055
1712
8760
5910
5526
5182
5234
8700
2342
8983
5673
2869
835
2242
1439
2171
7242
5815
7424
2502
4333
5099
5725
9990
2267
5356
3616
6538
829
9234
776
607
1037
5407
7586
4440
8701
4899
8149
1937
3238
7344
5130
5271
9834
707
7296
4515
3300
7740
1740
1336
1499
9526
9148
2673
1474
7046
4752
3186
9161
8410
6358
8828
4154
8590
4455
5531
382
9730
3201
7062
4946
6041
2705
6545
6590
8758
2996
520
8009
9282
1248
4747
1572
7777
7031
9776
250
5682
9130
7760
9080
3219
6297
6877
9787
9649
2254
3710
6304
6
5885
7861
870
2716
6651
5671
59
1926
2962
9820
6094
2638
5309
8549
433
4975
611
2346
7623
5507
8251
6337
6961
2399
4129
1777
5547
5046
8738
6098
4365
3924
565
5040
1871
3947
27
4909
4251
2814
5461
9722
7315
8959
8764
9627
5200
3118
5452
4585
8399
6743
1135
3483
6417
2219
4530
9832
8840
4494
2611
4593
3293
8261
8924
2651
4177
9633
2634
1048
5455
6799
395
7157
9475
7033
2617
5474
1663
6072
8629
1328
3732
9318
1878
4477
1218
4301
7936
2103
1266
4952
3814
5464
4781
7207
3788
4755
3455
7997
6777
8847
2231
3849
7999
5784
7770
2791
5290
4002
7276
5672
8511
8596
3879
9421
1184
1047
5643
694
3480
6201
4518
3567
5283
7907
1151
4521
8120
5269
2318
8870
3037
3663
5148
3998
8685
9692
2726
5777
6570
6493
6551
4018
6469
9005
3000
1652
3082
8037
73
6922
474
7374
2415
4089
6764
1537
4738
5446
8436
425
4689
1018
3316
335
2008
8360
4550
1311
4005
2744
4289
7163
6287
7362
8089
1965
7200
9015
9793
4190
7975
3155
3346
8231
1594
61
4427
9872
2417
8021
1916
2951
6499
4720
3150
9751
4000
3077
4663
6943
579
8340
7287
135
75
6339
1075
8600
9492
6993
139
2208
9999
2660
7162
1473
3251
9904
6815
5162
774
1851
7875
7032
5397
7670
8529
3073
1092
9303
4811
9998
1117
3265
2166
4370
581
4711
6047
9153
547
1799
9768
8023
5994
6589
667
3188
7569
1258
1435
5513
1908
7588
8722
5947
2478
2830
9079
3025
1049
3138
3652
3716
3278
8201
7402
411
5972
755
3331
7369
5375
4507
6630
5754
2273
7973
1209
7408
4092
5459
6919
3072
8839
1959
3421
1183
6473
5915
6248
4654
3761
2786
6450
7706
115
148
2762
9324
3641
5308
7368
8031
1437
1808
2613
1625
4525
8486
5751
3115
7923
1170
3426
6327
9441
1899
1297
432
1889
2141
3999
6278
5337
3043
2995
7867
5063
7220
2157
2631
5644
5535
8519
1606
4106
5660
5058
9839
4920
1080
5105
9902
4780
8695
7245
8439
3175
3621
7959
8139
2619
4809
7887
276
6244
9556
730
6746
7930
4316
2309
2304
8879
7139
819
4362
3361
9825
8675
5749
6887
240
854
4854
1484
562
4723
308
5829
9869
9888
9976
6737
9735
7518
7943
8262
679
3568
2227
3662
8316
2409
2031
8069
4795
7682
7492
918
217
9412
6577
3624
5371
5265
9951
8074
6972
2198
2045
3647
2352
5577
688
5277
6109
9789
3540
7318
1427
4433
9733
4025
9164
3101
3459
2446
8503
2246
1164
4383
1657
3490
4861
9748
8580
7914
9320
4889
3444
1476
2873
2807
6968
4519
5514
381
7798
8240
4858
3943
23
9316
6175
5284
8703
7490
7056
8763
2494
6105
780
4765
2026
5940
2747
8939
7093
6886
4103
5726
4019
5224
4754
5904
1252
1825
5462
8960
2447
5503
3709
4416
6681
4672
1313
4010
5901
7265
2678
8849
6874
5929
4208
407
9892
9006
8755
9092
5676
4279
7826
6680
2061
1716
9120
6950
7941
4270
7500
7547
1587
6170
6036
5516
8919
5781
9305
1287
6202
9514
6944
856
8572
4339
5457
630
3419
4850
539
8978
9497
4138
3503
4320
2991
201
6918
545
4226
3128
4677
3945
1691
966
7799
7836
2576
5419
8842
7164
2092
4736
2812
7553
6951
9750
2307
8093
8724
2303
3949
3581
9416
2022
8523
357
9586
6190
7795
3489
9075
3535
7552
4435
5187
1100
102
7262
2857
1451
7749
1753
8470
9618
6791
8792
5232
2192
8573
5202
2779
3962
4209
3672
7493
4862
418
200
5925
9058
3291
622
2788
8774
8077
7260
3345
7081
2581
5278
4994
9468
3928
7834
3309
8332
5327
2729
7880
3918
9553
6222
5888
9572
9766
2886
6970
717
9431
4548
6264
9552
7075
6910
7641
1869
3516
6463
2371
5268
3117
2391
6185
4777
9946
8654
3485
6730
4389
1010
2508
8821
7177
1423
8687
2441
2468
1497
4295
21
2603
5590
9622
9960
5498
6712
6158
6954
5038
5508
3784
8196
6561
543
2664
5914
9573
2736
3379
3876
9169
8668
939
2702
4240
1091
2295
8134
3815
8412
71
7818
4533
7647
4690
7194
2385
2743
9917
6776
5012
2832
7620
1504
9117
4460
1206
2813
9246
295
5071
2519
5889
2041
9934
5248
9444
4974
2583
3027
7121
1665
3591
1239
4645
8127
3262
5603
2266
584
8531
9205
6250
6953
2821
1242
588
1185
4729
2076
2328
5913
2089
2904
215
6759
2224
909
7967
3740
2625
8500
2518
9744
5438
7301
7965
7683
9178
6568
95
6934
1149
8154
3429
6130
2062
8510
9486
2030
9336
7199
7338
7544
6111
4703
6017
9269
6315
851
1062
4552
2314
4290
7990
9837
7512
1341
8663
2773
6189
734
7224
3810
8532
2921
9341
2872
6310
9611
6007
6458
3915
251
3130
1376
155
7737
5282
4637
7626
4643
9226
4710
3544
9765
6661
9913
264
5431
4718
2663
7396
5563
1760
1066
4798
6542
8236
4422
5837
2911
7099
3123
3939
6178
1897
7529
8881
4914
5480
4216
3923
8899
396
8598
9781
4384
2215
2323
3701
7410
6540
9272
8633
727
3087
8025
4896
6020
9209
5345
7924
3979
6875
184
5842
3247
3312
165
7028
790
268
4071
1530
940
9731
5955
8128
2889
2878
6284
7306
1393
6544
1950
1308
3664
7356
5378
4560
5015
3160
3213
5166
3528
5884
1513
6149
6817
9251
6952
3042
8409
6319
4276
5169
1884
4446
6433
5534
5954
3120
6755
4191
3679
8013
3997
7998
7502
8567
3853
8447
2413
7787
1733
6143
7403
6543
2982
2769
7628
8396
4873
1729
2965
8276
9859
6157
5861
3967
3226
7074
8865
9170
2405
6805
6416
1466
4076
6025
3683
8326
6572
9009
7252
7348
3501
551
4374
6921
6914
1549
4562
4272
5580
8110
9470
2573
1964
1349
6286
3383
8191
2472
7167
9222
7881
5192
183
3028
2378
4122
4939
1698
3931
400
9642
3534
18
7692
2746
511
3844
2867
6720
1982
8767
3141
7384
3678
342
8345
2935
5463
4195
2662
4380
3269
5366
5176
3630
5849
3856
9717
126
9031
2545
7101
1812
8450
1920
9767
4983
9631
4261
1759
3246
1257
5280
9377
3149
3661
8631
10
1849
3306
8820
1344
2172
6702
5218
6060
4851
8002
9922
1096
5651
4193
6128
2760
9950
5004
3666
340
9210
5355
6102
1114
8065
3016
1450
8458
7677
5733
2540
6395
9923
6397
5094
6830
310
7510
7809
2038
4815
9550
2874
8064
3927
9458
1357
5569
3212
3285
3932
627
2324
7341
5880
6083
2220
9522
2979
3425
1387
6121
5511
2425
8279
8864
8433
7687
9804
566
3639
1987
6024
2147
3958
8495
7658
2244
8431
8752
5229
1634
379
1508
4537
6735
5641
7237
1705
6634
5159
9061
6231
2801
3978
9087
5253
7336
859
8167
34
3284
9175
5969
6925
3650
7599
3870
3180
7385
7884
9614
1265
63
9072
4803
8311
337
1502
4817
7332
5335
6836
1542
2924
1952
9783
5098
5149
8671
7825
7672
4048
2838
5572
3133
8857
7420
9167
5575
7311
8911
7159
595
3868
5183
9977
8036
9389
7935
7468
261
3225
3497
8559
9723
9473
2182
2740
6113
9716
3906
6291
2582
352
3448
6849
8022
5030
2064
6273
2524
347
9949
9322
405
2658
1399
1724
9195
5622
544
3620
2848
2259
1647
8055
4233
8335
5918
5400
8108
403
9201
4534
1843
9107
438
7614
6349
110
3272
5755
7888
1528
9732
9112
5297
3385
8727
485
644
8623
4493
7964
2699
6392
7085
9885
8534
5379
5550
9255
2377
1192
6583
9560
9410
826
5951
5732
8232
5068
9372
1934
6295
8967
6011
9048
3416
945
862
527
4844
5194
7192
7832
5254
4884
1511
6271
9660
9541
9520
6256
120
9435
6431
9238
2732
1021
5203
1803
211
1386
3688
3654
3514
6709
7211
1649
3401
989
3364
2933
8628
4564
1828
5292
9176
2652
9298
5845
7299
1667
8797
4393
3287
9720
4170
1752
4855
3936
8071
3733
5050
6412
2916
3888
5164
1944
2485
8602
8273
2339
3352
7796
353
2455
2563
626
5078
4876
3940
7694
3347
3933
2330
3685
4426
8304
3515
4517
4065
8283
4502
949
8697
1481
3165
4824
3195
5850
8488
3012
5353
6549
2624
3863
6141
7029
8922
3395
5858
4052
2507
2187
5611
564
2668
8213
1541
5980
4617
5165
2379
4492
3211
5975
832
1121
4785
281
7952
5948
1043
8898
6401
2679
1568
8834
333
4659
635
416
7437
6084
8971
4996
7768
9083
469
1681
4614
2090
4543
4132
5696
5555
728
9150
4367
46
2894
2704
8702
6285
7079
4210
9452
2396
4611
212
2040
4721
9866
4438
8659
5886
7235
7254
2797
3002
2021
7612
28
4856
3376
3989
8408
4163
5561
1749
9773
3242
4150
6168
2448
5974
8709
4671
4725
587
6500
237
55
9805
3282
2623
9898
2516
4171
1371
5638
5817
1468
4794
8982
7140
1883
3725
8732
2596
8798
2353
1523
9954
2870
9027
7897
8783
8707
3753
4787
98
810
714
6911
7259
3402
397
8314
491
2846
5554
2535
8948
9770
6781
7971
7366
1552
8073
9909
589
6365
6747
8528
7330
6227
8611
8565
7516
8395
8141
1419
2340
9248
2984
6488
2766
5051
7627
7257
5699
7442
3553
3715
4003
2189
8830
9891
8351
7916
5152
3094
2945
1696
7568
5458
7714
8118
5634
2293
7615
7558
6516
8414
4119
8157
9025
8466
7329
7124
3832
3197
128
6811
2019
8906
4669
6867
9966
4338
5306
7228
6419
447
5788
4615
7640
1977
7239
426
1160
2098
7752
94
1365
6513
1351
2681
6902
2422
9899
3926
8811
7107
5070
8286
8430
3111
7112
4836
1720
8469
9671
7071
7873
2836
8639
4388
4329
6726
9739
4702
1244
6861
1186
6992
4771
1273
6343
4312
8068
8673
1145
3754
8299
7686
5434
8883
8443
4039
8212
1142
3611
1747
1891
5553
2698
3867
5616
9466
8547
1189
2365
8398
1545
5769
9073
7630
1702
573
224
4746
1654
2824
6786
8094
2505
1315
6145
5927
5014
2522
9584
9696
9340
7363
7367
2213
461
8630
2474
525
8119
7839
9467
3457
5852
5689
5833
4966
1562
4387
8656
614
9958
5527
8193
1671
831
5364
8825
8233
1374
5207
4513
8310
978
9786
571
2388
8229
5252
5552
2479
5390
7350
4417
2559
4865
1990
2204
6305
2319
180
2311
3697
1919
5957
3106
9225
3488
4354
9101
815
2150
4915
2475
6321
3098
1255
5583
8288
6822
955
2320
100
5694
1172
44
7739
1651
6021
813
3199
3797
7713
9566
6357
3465
988
7027
6139
554
4236
2315
6704
9559
7926
5307
4964
6013
9549
8504
5323
5924
8381
3686
5415
8973
2994
7123
270
1870
1112
9105
1741
8114
7281
9886
146
6995
9295
8624
6176
3092
7604
1327
8142
7680
7271
349
8912
875
4241
8482
7968
5866
2819
6997
1199
605
7349
1487
3343
7565
998
9483
6987
5473
3001
2164
8601
6778
4059
1046
1655
1498
8392
9469
1904
5330
4566
3172
8362
6437
3541
698
8132
8129
4696
2094
9862
1571
7637
1044
2810
6482
6154
7223
1479
3050
3524
458
3152
5450
6713
2809
7065
5028
3418
6528
3305
7376
3828
8494
7755
4661
4020
645
2012
5167
4808
9498
678
7908
8705
1666
1505
6930
7771
9394
8642
2964
1276
1994
5537
1661
5404
8620
7613
2214
1984
7511
4425
7034
806
6872
3113
4700
4049
9659
1855
7160
4274
693
4361
4178
197
5752
3570
7759
1485
5236
9931
8520
4523
2376
1804
7050
930
7946
7471
4828
3193
8457
576
9330
9418
4923
9348
7166
3507
5766
8067
6511
4589
6308
7398
4346
1525
3821
959
2523
2544
9962
5285
2936
2647
6186
1039
9806
9703
8115
975
2934
5917
1250
3283
703
3024
6893
928
2764
5396
788
8369
1489
1868
5515
334
1921
7151
8829
2356
2459
5941
6797
2880
9570
9743
6336
2928
9306
5936
4392
5928
204
149
4
5444
6515
2223
9684
8331
5136
8581
9162
3882
2985
5153
2863
3976
4505
9145
2822
3803
6122
4684
2750
781
6756
1347
8086
8434
5578
4820
2043
3021
2298
4687
2398
6088
2946
5008
4131
8691
4772
9604
3830
6558
6452
9939
9907
4870
344
3858
2152
5305
5921
3010
6960
5009
5027
6400
2348
1695
9313
9082
4469
9919
6536
8966
1440
602
9635
8175
1805
7334
5066
8956
9567
4891
5549
5350
3816
7702
3848
9925
2630
6691
9667
4582
5386
4546
6408
3240
7619
5734
6780
7808
1887
929
2442
7113
7536
7546
1444
5632
9538
3445
3859
5562
3319
5296
449
5541
7480
8746
9319
6596
1147
8372
637
794
2004
6030
4069
2316
4118
9018
9038
2037
7058
8789
1596
2229
4760
541
8471
3796
6575
8255
356
5288
318
6924
8391
2959
7567
4036
8090
553
653
7429
2218
40
4613
654
604
3173
1334
5247
6063
4202
5840
1839
6678
6375
6238
6136
3332
4322
8377
1067
8518
1017
1
5426
8117
6749
229
6607
8384
2181
6306
2971
6144
6434
1792
2484
5967
6465
7802
8138
3392
1448
2795
8487
6196
2978
136
8322
5665
9430
6364
2389
5942
8741
5033
8085
3435
1631
7321
3245
9881
4450
2767
4712
5931
6263
509
9938
6796
7616
924
4913
2653
6495
8729
5342
8416
8171
1794
9634
8211
8374
9906
9103
2268
7976
2120
7576
3257
9212
1642
1945
1626
3355
2667
6766
1464
8341
5739
7452
1885
7937
6484
271
8902
3456
7108
6833
8683
5365
181
1774
4066
2369
986
9156
4764
3730
7712
5869
6198
4609
4704
5402
5007
7528
4788
5667
6466
5469
3533
1672
1348
6213
2060
4638
413
6026
999
9259
327
364
5257
9791
8704
1261
7543
6298
3532
4058
634
7954
8320
8878
2529
4802
3597
2248
3040
7648
1222
2151
7591
6652
9847
1814
5413
8942
6000
3703
4664
9373
4769
2001
5448
6438
4017
9017
9777
8745
4839
660
1693
1480
9590
358
580
5361
1050
2078
8610
7667
5920
5658
2331
9603
8593
38
2238
1589
3575
1459
647
1858
9091
6211
8726
5542
9762
4194
5630
3266
7772
1469
4197
8492
938
4218
8579
8323
9905
9045
3774
9551
763
450
3270
9425
3474
2877
921
4632
5863
8888
6245
5501
8300
5191
8123
9183
2510
7078
6332
3048
1241
2428
7352
6601
4001
7527
8872
4451
7370
8501
6768
280
5380
5827
869
4897
8875
7816
2818
4929
6996
6615
321
9093
4148
6443
9978
6655
4528
9266
7587
2101
2093
7409
5697
6373
3194
370
9605
7840
1461
9632
8348
7857
3734
7150
1076
2693
549
3604
4060
7526
816
7678
1815
6254
4047
7104
4604
9871
2969
4906
9646
9116
8938
3873
1956
7076
1842
524
7705
4930
8479
3836
6647
5215
5246
4955
5722
8950
705
7391
8140
82
8220
6150
6654
4557
5485
9223
3747
3325
1574
8063
9011
5983
2901
5811
5571
6066
1156
8188
9283
838
3653
7434
6905
7230
1735
3913
1601
8081
4587
715
3623
6530
7540
5151
5820
6989
9845
5089
6710
1515
8969
2495
766
5116
1986
9532
2589
3322
9543
6643
5683
5883
5002
6842
546
8913
5437
2128
9896
6860
718
3632
8342
3696
6370
8357
4099
964
6802
9927
3795
6219
8771
4665
1886
3829
1342
109
186
7282
536
2221
5219
3545
8467
9108
7314
7438
702
7934
7010
7891
374
5406
3134
1095
5977
7043
6890
6649
8826
329
288
4006
6362
9071
991
4610
361
4649
6578
1470
690
2373
5429
9593
4982
8837
7117
800
6948
4379
1478
931
2343
6684
1514
4402
5157
5698
3472
4509
935
3153
1277
6281
3060
5566
7659
2270
8019
8961
2057
7474
6318
4259
5244
1175
1993
1280
6163
1928
7195
7699
2119
3714
2657
35
3707
2111
3705
8315
2960
5993
4866
6541
3142
4271
1424
3482
6050
7488
8941
6546
3023
4845
6369
5615
2301
7949
2434
339
8616
9530
4496
1360
423
8402
9952
9090
7624
8226
434
9973
7008
5083
3585
5107
711
2121
6782
932
9479
2053
8586
475
906
6792
6846
8359
1780
9986
3609
5091
4188
3335
430
4409
9889
9362
2344
6998
6840
2357
9334
9568
9291
1903
8275
2721
2703
5996
1876
7045
2608
233
3723
2287
9310
3833
8665
818
5274
1599
5510
3736
5710
1882
3762
9357
3864
8417
9217
7000
1205
6293
7688
7323
4657
2990
66
4626
9821
8816
941
1318
8923
3273
8791
6421
4074
3208
3593
1909
8235
7298
5358
2923
6005
1420
6839
9035
6208
4082
9561
5286
963
6199
5695
2020
4414
8356
7829
1352
5045
3975
5222
661
3531
3537
575
1109
521
9154
1310
5560
2550
7519
287
5747
1033
7717
90
1875
4894
7141
1390
7707
4055
7580
5417
9308
2526
7728
8376
3951
5798
9625
8937
885
2234
6906
2735
3681
7855
7035
213
936
8921
7012
4706
9057
2783
4227
1415
4596
1569
7932
5423
191
1005
171
5117
1153
5559
9457
5382
839
365
2
2534
5771
7165
7463
5930
8739
8893
9342
7859
3004
6721
2003
2168
526
4308
9803
7417
103
4088
3366
8004
866
9836
993
5412
3728
2449
466
9181
5270
1335
189
3941
9137
2207
3260
7860
2555
8054
1035
2572
3093
8116
8989
4699
6520
5158
6682
3053
1449
499
2849
5778
1392
6006
3022
7365
4921
6527
96
3748
2381
6180
9020
4852
6160
8477
7522
6389
7566
7868
8278
6827
9858
615
6008
4800
2902
1312
1730
350
9003
8796
9936
7781
9957
8461
8308
2186
8379
7355
3415
3903
3576
6151
9597
5422
2637
1083
7198
6722
7249
5239
9085
3020
4041
228
9460
3176
5760
2884
1786
5960
5491
1914
1305
3066
1361
1058
2599
1031
6277
5988
8952
4026
4021
9232
6209
9523
8295
127
9288
8682
2292
6556
6825
1845
8227
7931
1295
3241
3921
8260
5443
3512
8553
312
823
4783
1981
7
7903
4801
5655
683
5432
4937
7394
5805
1061
9509
3299
7570
236
6563
6585
5908
1430
3631
6858
6624
2562
933
7129
6885
8502
8944
6368
4790
6582
8393
1822
804
1593
4667
1732
9812
9705
3336
7718
2501
4472
3546
8349
2025
845
1905
1922
6235
8536
2289
2610
923
5753
2394
8955
2659
4730
4713
4102
8277
7316
865
3461
1856
9697
7650
3651
4094
6940
5079
8543
1605
5231
5691
9442
4624
8355
5793
3467
1503
9849
2108
3314
5161
1819
3818
5650
5401
9728
1106
6478
7600
1023
9375
8852
6760
8892
762
4522
5319
9574
9753
7902
2149
508
8371
8773
7803
8851
1789
2539
4466
5780
9235
3327
1389
2917
3143
8197
6267
3029
4192
258
2067
3301
5115
2077
6342
2700
934
2763
1190
1566
2465
8012
9472
2621
9026
8994
147
9456
6355
8782
4326
3817
4315
8981
8293
2325
807
7364
6279
4849
6240
7428
6384
1509
5821
8339
8292
4255
8824
3310
8254
265
6052
5132
4104
3428
7482
7103
4999
2580
9245
6600
7404
502
2759
4443
663
4172
4116
9564
9374
8066
1550
6770
4600
5360
9489
8604
9602
2515
2900
2981
9414
977
3751
7090
7548
7227
8448
9810
616
3547
913
4561
2820
8507
557
1998
2095
1243
3396
4043
4215
5471
4741
9778
9186
7425
4137
9404
3280
4245
7037
904
5273
1630
8895
9151
8807
953
2574
3525
792
5344
401
1524
6598
252
5705
7649
8105
2942
5102
827
3668
1373
8353
1230
9049
3704
5867
5521
3321
620
2731
6955
6097
3900
6322
8474
7831
1879
864
5857
3523
4628
5195
3874
7869
14
5368
8643
7895
4973
738
8165
9415
3766
4319
3719
3769
9547
7785
6506
1600
3764
2922
9338
2500
5061
5797
8904
8962
5604
497
3897
3692
7847
6773
2885
188
5576
5893
7310
8622
3569
8927
5399
6269
7608
2042
1491
3450
1961
6761
7460
3089
5128
5373
8514
9055
3805
88
9844
746
9033
8190
4890
8206
7535
625
1648
4075
9100
7469
3969
4495
9647
8219
7168
1210
9972
7727
2361
7253
4918
1806
2000
4601
3779
529
9129
1862
3033
3596
4574
8404
4727
3682
9507
3970
5774
889
7665
5134
5770
636
6490
9515
4080
5073
6476
8909
9243
2362
8660
6034
6512
5823
4004
6705
7461
9848
8680
6870
793
1299
4363
8445
9253
5882
6182
6108
4428
3464
2334
4532
2643
4797
7379
9759
1284
697
3804
4364
8401
5558
7947
1268
7180
1810
7960
3431
6379
7898
4715
2125
857
1330
5170
5520
7061
6657
7791
7554
496
5870
6107
9490
5773
7517
7303
9937
2084
5887
3268
8595
7806
3248
4569
7824
8737
9598
6135
1289
4081
3680
9814
4168
2754
674
671
1040
1228
7476
1027
4542
2974
7238
2914
4093
3017
6639
2958
6237
6560
7247
7021
2055
1798
2531
1973
7632
8263
779
5496
2202
7346
4406
9397
4531
7758
8301
3846
9268
3866
5775
6323
4735
6164
2074
2890
453
462
3695
3358
9046
5609
8101
5001
2457
3980
9220
9304
6440
6824
2765
3600
3340
2162
3792
6363
6559
5087
8725
7532
8832
5944
1165
6775
9204
6608
2949
3107
9309
5460
3323
6616
7234
3288
997
4555
389
4146
8550
2661
2829
709
7335
4816
7913
9680
9682
9010
638
9980
7948
3289
4213
8931
2954
3391
5714
9569
6031
3363
4576
3359
2972
9417
4759
9095
6587
7190
7719
724
3181
3041
5064
9874
6915
5907
3131
4898
498
8759
5964
6873
9187
269
8646
8751
6947
5201
5594
1864
5912
6265
9764
151
7889
1292
16
5767
9267
6550
300
5477
4527
4595
5316
6845
4480
371
9824
6553
6962
1737
796
6837
7115
1301
2100
6280
1460
6239
8010
8324
756
3602
984
7893
5059
8122
4498
7030
737
8297
5898
6415
5173
6818
8711
7538
6354
5483
7956
7174
7399
5859
8489
4926
8963
445
104
8218
24
2193
2262
7279
2027
1306
6289
6089
9681
5981
1173
5025
1553
9371
274
9678
4942
4016
8719
3295
8325
7822
6745
4540
5212
4685
5646
9419
4046
4860
3500
6152
2123
7792
2606
7284
7921
3594
9053
2170
2525
3433
8030
1966
1687
6519
2106
345
3860
6042
7901
8483
8257
317
7022
9565
5142
5792
9699
7629
8818
3350
9508
5627
3210
7805
9131
706
1646
1834
3878
1583
1595
9595
6763
1748
8551
4536
4096
6126
19
9450
2116
9152
5314
9115
6194
1813
4424
7331
7052
7439
8462
2842
4229
2635
1809
809
1446
2299
8526
2199
1872
9503
320
9878
9219
8859
5629
3746
8245
473
1288
7823
1707
3119
84
9691
8706
3189
7039
6192
3798
7819
9333
4330
7277
2014
6171
4219
6296
516
8437
658
118
6706
2543
5049
5227
1429
8985
6396
1591
9114
3854
5728
6210
9171
8667
238
2127
77
1358
7255
8676
8806
1201
4686
1366
6617
421
1008
4149
2903
2879
6485
6789
1402
4013
582
4680
9548
3720
6217
585
3463
898
5984
6821
6371
5104
7308
4100
4022
1874
6479
4447
9967
69
5713
6301
5245
8618
5155
9231
5037
8008
4310
2925
6055
9262
4166
6095
5454
9392
1927
7738
2155
5600
9166
6406
6038
3529
3744
6699
9290
9736
1633
9383
4553
2401
9908
3963
6498
3207
8317
9060
7720
3580
4176
1494
4353
3277
5127
7472
8018
4474
9943
4347
1108
7219
7865
684
4810
7155
2206
5442
3955
3911
6958
7212
2312
9718
7440
5718
7026
6423
5585
4916
2711
3256
263
3337
1940
2350
1168
9669
6079
6635
5759
9624
873
7560
6913
7501
4086
4254
2858
1960
4648
2504
8619
4331
8400
944
4506
194
4679
2359
4707
7111
1820
6382
3221
7494
7422
3071
631
7928
528
6509
5595
7435
852
8666
633
1271
6320
2006
1723
9726
8039
1526
9715
9384
1865
8812
9775
1462
5031
8578
6393
2816
8370
227
7395
5256
8267
5209
3953
3484
5551
3389
4629
3543
7020
9861
1725
7716
9725
9464
6534
4922
4841
1604
1203
9714
8045
5876
4378
3410
9484
8885
8721
8091
1388
3499
7876
9433
3171
2618
2290
3763
518
8496
7577
3909
1598
3302
1968
1831
2798
6882
4878
1090
3182
31
7411
6734
3845
7300
1846
3230
4900
1932
4602
7483
1669
6015
6172
937
8268
9558
3937
2088
8868
540
5750
4207
6828
313
298
4724
168
3369
2486
7357
1734
8515
5656
6040
5118
1584
9516
2881
1282
8098
52
87
7918
9165
4011
5961
1768
3056
3384
886
652
643
2255
2627
1692
9818
5160
3184
2564
2506
6844
6857
1719
467
3787
2973
70
5740
2496
4398
157
1363
2345
4989
207
6883
1187
9361
2919
6677
8411
417
7178
6099
507
9694
1925
5715
7625
5843
13
4299
1002
4250
2547
8147
9184
5847
3125
7320
842
3655
7378
5596
9664
3724
399
3675
7036
4698
4642
3712
6692
8889
4857
4694
1721
5163
8855
50
9827
5678
1219
6242
9250
4205
7689
6472
6800
1585
1683
3100
4799
1130
8318
5113
2782
8050
9846
7779
4459
6455
3298
5662
3250
2607
5519
459
7986
3204
9749
5395
7092
568
3981
2453
3771
8577
1488
9134
7550
3292
9877
9488
1790
3104
5055
6629
2861
6232
3217
4413
4731
2110
6029
7506
4174
4834
4997
6793
8861
7172
3349
786
3235
8541
8354
6062
4806
2070
8836
6104
9141
1032
9555
9109
2682
2593
7638
8029
6574
7757
5125
1111
5709
8097
272
9249
9897
3694
3615
2718
54
1827
3760
9289
3244
9740
8035
9271
7375
5320
2451
106
7002
5369
3232
8473
7900
9916
606
2300
8313
9014
3274
1119
74
4064
7416
6927
7509
8214
7985
1077
9236
9258
9688
903
1770
6981
8151
6510
132
5328
6688
7962
325
7724
7205
6381
7377
1059
3929
1118
8717
9652
2680
7695
9947
4490
7325
7327
8669
1551
6140
5765
6229
8516
2175
1270
8048
5764
7454
373
5530
4838
3808
2977
9485
9218
2253
5321
7549
9088
7173
1281
9802
3051
4867
5433
1003
2489
306
5053
3729
4167
2722
3380
4885
7147
9482
5586
4125
1442
6984
1890
517
328
437
9518
4691
9227
8237
8146
8480
1294
7381
3422
2578
3789
4853
1127
6723
6668
7473
7742
7602
5614
7485
6173
2784
1309
8997
4744
6404
170
2397
4676
9149
4067
2058
1930
5347
1016
9935
7858
677
3354
7100
6004
2016
9704
3468
5488
6218
402
5018
6118
4027
1115
6129
8612
5332
7072
2326
5172
3862
1495
3504
3674
8799
942
5090
1628
4439
2781
6028
9738
7657
152
741
700
3708
6573
9325
6103
8053
3890
3539
9408
9645
1745
7038
1453
1034
7171
2241
5185
