2394
9073
1543
8796
1364
5675
3501
7208
7789
9386
7825
363
2236
1044
6307
7631
5782
8235
4875
369
5756
7940
3998
6972
9026
6463
2364
6368
3035
328
3734
9583
9184
9656
3998
1412
8479
1176
1863
8656
6608
5428
3179
7138
9555
4856
458
8418
725
6554
6272
4331
8322
1635
7840
3443
7300
1131
1564
9624
1049
896
7527
3144
5970
8595
1633
7533
4216
8527
913
5843
9450
5494
2226
2104
6593
506
9956
847
3060
1749
4323
2368
6759
5382
5077
9359
6798
5897
3644
6904
960
3601
4443
900
8823
8148
6102
2603
6355
2675
370
6
6622
6501
4539
5567
8042
2447
2116
5272
1127
658
4313
7988
5937
4384
2801
7014
5637
7612
9711
8532
9524
6654
2744
7879
3649
8064
5039
4786
6132
5593
5835
4301
1521
8563
2714
3933
5010
1034
1935
2929
7313
9299
4630
2571
4546
1846
9881
8457
7053
4666
4235
96
1497
4700
8881
4308
9924
1580
5345
4566
3183
276
5922
7451
3174
4885
8179
52
1166
3599
6247
6831
1958
8269
3022
3338
4240
299
9792
4479
3177
310
5202
9872
6004
3966
4026
7840
5509
8426
7871
4844
680
7624
8826
7092
5202
5935
5753
2042
7616
6371
2802
1654
9820
6868
6245
2595
2830
5780
7210
7962
9102
243
6777
905
3367
8361
1832
2847
6695
7359
9247
263
4756
7898
8167
4894
5593
4069
5265
9682
3501
3913
1092
666
2932
1436
6686
9148
9727
9380
6667
5215
8415
3446
8035
3469
2343
1168
8046
9684
2047
2047
4291
2442
5061
5053
4382
1499
62
2314
3807
3873
5322
2118
8223
8126
757
537
622
4504
4505
2463
3208
8161
1729
4435
4198
690
4169
6743
4192
8196
9713
4717
32
1739
7728
2006
3746
1360
4597
2916
1399
3673
3865
7773
5609
5895
9296
7999
6153
1243
3231
7498
3220
5445
4919
655
3940
9691
1599
9699
6626
9427
7456
1279
4906
2205
5945
5128
7415
3744
2403
2614
1757
9104
9871
7219
2453
5512
3852
3745
4531
7129
9685
8904
2803
7919
4822
4940
6498
2380
5582
8551
601
6164
2768
2440
7668
7669
5509
3319
2689
9984
7196
4035
244
1528
2705
3338
4775
22
2763
4245
4943
2327
5294
4926
1722
7635
1121
9343
7556
4602
6923
8744
8888
7916
7335
763
7028
9941
4470
2664
6997
5140
5619
3952
4097
7095
465
3529
7332
3973
8177
9933
2562
4119
5712
1407
300
6756
9213
5099
3981
5607
6648
8249
7044
5791
2518
6558
6396
9219
9521
254
9510
2256
4125
4818
4424
3168
2293
2225
4031
7624
5235
5775
9104
7439
7054
2943
2029
8902
206
6662
9235
6969
9355
782
5247
6272
3795
4163
6657
2962
8363
5358
1016
6439
1325
6811
9533
9703
223
1833
6652
7572
7332
7981
2317
8434
668
7699
8993
4191
135
6339
7624
4514
4438
4300
3007
308
2562
4367
4054
2245
9622
9755
4128
7885
7511
3168
3684
6321
6885
3618
8288
765
5209
6572
5965
5604
3790
4190
7597
6705
780
3941
3697
2408
1247
9814
5031
4127
5942
9110
7857
3203
6056
9
4449
8504
593
7909
10000
1488
9097
1474
8862
6567
1302
2208
9683
8569
4264
2677
2644
944
4290
3394
1425
2958
1049
8321
7260
3476
1268
8541
8676
2157
835
1613
8431
9114
3789
7662
5846
2122
2849
5772
1722
7749
1438
5341
4868
8869
2094
9339
7002
3666
6701
828
7710
5865
3175
6032
6768
6888
2207
5894
9268
7608
4285
5066
3134
5783
6911
5887
4378
9762
4048
3605
1368
2363
5573
7751
8548
1229
6820
3300
6100
4569
6080
8568
8250
4139
9615
9735
8185
6014
4972
2021
5045
7929
4648
181
2675
5925
4940
1324
1263
5275
2537
8304
5901
767
5744
9106
3287
7667
8078
6437
2597
5081
8751
4251
570
1226
2836
4923
1275
9452
9007
1392
8010
242
4842
2321
6577
2454
5591
8712
2043
6620
9186
1698
2364
3523
6707
7794
9664
317
5632
626
9409
8824
2847
6903
2114
3032
6777
6751
1384
7411
330
7610
6761
9737
2165
8754
9276
2302
5125
3737
9248
3238
1646
9166
3289
1884
7569
6779
7492
3438
1774
7645
7500
984
5348
4385
901
1979
5540
7416
4710
7050
2196
6886
9908
9089
479
5869
2601
2179
2201
8481
163
4462
4129
1208
600
7133
5039
9952
7720
3194
2124
8412
2971
3021
8337
4141
4089
8790
6056
8249
2776
9587
5695
4682
8272
4798
2635
8517
8331
439
4568
2054
5288
905
7614
4165
4366
5339
8608
1879
4141
5813
8927
403
673
5469
1451
8142
1664
2653
8585
8102
3490
4435
7551
1112
2385
3637
8892
3743
6566
7966
9206
7946
8258
8906
9611
1912
3502
6506
7481
9794
7434
8788
5449
3333
5362
8634
1653
7370
1823
5349
6603
6580
6137
1469
5289
6006
4170
9528
8424
2046
9582
9758
8950
6690
8359
3508
6107
3061
4844
9821
3773
6166
2769
3417
6399
4102
1138
7880
5684
1556
4186
6704
4513
5318
928
5847
9457
1654
8400
1613
8562
7751
7848
6456
3516
7954
5433
8014
4018
3857
4301
8969
4881
6343
5160
2026
5109
9867
5718
3165
651
5631
8212
8356
4753
2225
8027
4482
2410
7229
6695
2615
5374
9485
6119
9299
2413
9694
3612
8537
1236
4560
6372
1649
8472
7705
6496
3818
2960
4967
4881
7610
2831
497
9586
8019
1774
8488
6671
2373
6857
4415
227
282
2800
9764
5343
1361
5901
1338
5814
554
4469
3412
4677
3627
1111
7424
448
2829
978
574
680
5878
9076
3324
8152
6659
8252
7472
9039
7058
5425
2816
504
890
2299
7521
8164
1271
4191
378
3274
9510
2921
2340
9220
7113
5042
7264
7163
8855
7456
3605
7245
7923
3725
7589
8282
9687
5343
971
4351
2798
7414
4948
7913
411
117
7847
363
5113
1176
7585
3147
5295
580
7393
9126
1791
4956
6045
9476
604
9503
112
3062
2550
6366
2640
9036
6596
4219
1952
7715
188
9150
8175
4699
2337
7761
4682
4951
9850
7083
9157
5742
7963
8938
3761
8462
7475
7385
2795
3392
1825
2369
4417
5302
4467
3212
2050
4049
3676
3668
992
4608
2785
7994
7988
2178
3041
3747
7071
1260
8591
4029
1257
9815
1085
8319
2696
5776
7510
2910
8509
1139
4120
8252
5438
8866
6669
2970
6092
6622
9765
3311
6386
5513
113
8081
4713
3074
8382
3151
3897
335
1019
2257
8656
1961
809
8695
9480
7537
7599
3695
9417
6609
1927
1922
2267
8429
7273
9982
5717
4535
481
8414
2663
9970
8495
644
3312
7407
7036
6537
5709
2611
9188
8332
3071
9610
676
4646
6840
8116
2528
4655
1681
3245
9585
5833
4363
2363
602
89
2528
64
9142
2214
8997
7951
7456
1482
5679
7020
479
7637
558
6492
7787
2257
4778
8108
6848
7921
1273
845
4670
4674
2075
6332
3274
4755
9122
5200
6501
7297
2833
5261
8871
7819
3327
645
9352
1253
6152
3662
9563
1351
9633
7199
1415
5605
9206
2228
8979
490
8481
4800
8637
381
5625
2194
583
9078
405
3857
8494
5050
1483
5953
6920
4225
2842
455
9978
201
7504
7593
1524
1316
3257
414
4554
8572
6933
6485
7839
6150
9828
6306
7696
4564
7344
3555
8458
7509
7143
6737
4505
4647
8836
5601
3710
1789
1817
4874
7131
4651
2171
561
879
6030
7626
1487
9497
4393
9612
4213
5066
6265
6133
1446
1756
9034
932
994
7977
3027
3037
372
4793
9229
5614
1521
3259
9921
9585
4160
6239
3582
7469
7545
1566
6442
6377
374
1447
1872
1870
5574
5895
1352
9800
5312
756
2948
2505
5973
7494
7430
6202
7182
7859
3007
7375
4613
8341
5314
4917
5599
553
503
6058
3814
9335
4668
6665
9429
8041
7846
4673
7981
3195
6677
8738
1317
4221
3813
4947
9006
7079
8993
6258
644
2618
7010
1337
4160
4191
9557
5001
3450
5582
5402
9574
7916
1853
9704
2655
3298
5923
5999
2904
4510
8136
3829
4966
7112
5275
6658
3638
5890
6863
9671
1498
8873
5843
4665
2817
1543
9773
9980
5554
2646
3490
2938
4677
8223
9876
6163
9998
5296
921
2094
3462
9180
9332
5357
3384
7997
6226
8590
917
6244
9378
6366
7013
8449
2226
7417
1323
9150
1251
3676
1747
1829
4568
4364
9562
947
8848
6223
4890
356
1630
1783
7457
4013
4145
9023
9565
5048
501
7054
7462
5514
4869
4425
3848
6529
7002
3957
7195
8073
6533
6378
2977
3918
3141
3795
3835
6987
8038
2849
3304
9185
2006
7535
4923
9299
5765
6897
5944
3438
7097
1590
9692
4950
5178
2508
54
492
4848
6658
9669
1947
7560
1928
2223
4930
8781
99
3434
6732
3625
8110
8443
7915
7367
9210
8106
8227
1507
8645
1630
7362
4897
4696
1258
9389
6967
7803
4531
5062
9448
2563
8189
5114
9198
4732
2769
3990
3715
2193
4205
3690
1212
3576
8248
3558
1283
9035
784
4849
1343
609
610
568
450
6331
6101
7603
9855
5434
7364
7779
278
1581
7974
3144
221
2792
3164
5375
6492
7249
1590
9721
4997
2180
3010
9542
2239
7655
2770
992
7790
6247
8041
2549
1152
6561
1937
5980
7542
9037
1996
9240
5597
180
4246
4170
9256
3730
8723
5248
6428
2310
8026
5324
9063
8631
9517
4224
1054
801
4788
2741
3314
9789
4117
5867
3646
1726
4371
7483
9264
120
7552
5336
2529
7691
1519
5283
3635
5981
2091
446
534
6933
9165
9896
8983
2099
3294
7847
2789
5278
410
4100
9793
6534
1437
2800
9393
6183
2381
4757
3409
2239
291
615
4296
3526
4391
553
4162
4732
2103
9244
1359
5713
4147
5153
7431
174
200
6816
3880
2049
5672
5761
2094
9189
5346
2040
5581
6608
4436
6750
9582
8422
1561
938
3716
7130
7984
4238
73
341
7371
1470
8250
6303
4704
6635
4572
618
7072
1949
5514
2031
1153
7280
8172
5456
6155
5781
4021
7292
5035
5018
6473
8129
7591
9012
7385
603
6111
1031
3437
2427
6156
3304
221
963
3848
1210
5163
4397
8889
3236
2368
1003
4571
2596
466
7866
6777
525
8094
8944
2824
2476
8184
4500
2128
1113
3421
2172
6392
552
2113
6321
141
1422
2489
896
3263
9825
9607
2730
6872
1145
5694
2634
7465
851
2161
1350
5202
836
1452
7535
9134
2905
6350
8563
3753
3037
9058
1522
511
6165
3785
861
3555
8181
4501
6826
9464
3685
3492
132
4047
7262
823
2384
9822
8655
7342
1178
5913
3292
50
8542
800
69
5311
4674
2261
5349
4396
5024
7656
1697
5033
162
9841
7088
7971
9654
5017
4602
1078
3249
8917
9609
7264
5056
2447
3068
606
3209
7075
7051
6069
288
3412
1236
7551
2789
665
7044
8833
9179
8503
9777
7829
5924
971
2020
4648
55
6628
7956
5505
3780
1179
5517
5917
1342
3489
8864
8788
5463
1267
1764
6921
4442
6124
1258
6771
6561
6391
7566
4579
8550
7104
2537
6481
9127
9718
5779
2215
5458
4782
6182
2826
6384
8391
2830
9825
8959
5542
8253
6627
4584
4558
8587
8849
3855
7853
106
1229
6504
7030
5351
9094
2726
9542
5821
6593
3198
9157
7939
2742
1371
3772
2982
2884
5147
9021
4897
6513
71
5155
4904
1841
96
199
309
9394
5796
4908
153
7427
4399
6215
4852
3791
1550
8735
9408
5290
7519
7837
3784
86
1973
5152
1830
4018
1496
1152
9545
2096
8713
892
4069
1426
9090
6066
4565
8784
8748
9179
2187
5944
874
6897
4552
8946
1955
8701
7911
1823
2269
1233
3476
3502
4117
8895
8731
7194
7851
6644
1722
5220
4505
2165
648
3720
9396
2132
6175
318
1084
6015
4004
1136
2590
965
7112
2995
2248
4981
5111
4724
6444
4406
445
7488
2350
1485
6568
5023
8136
1758
1881
2639
957
5682
6068
4409
5193
2624
9863
3329
5063
6172
4216
2175
5181
8153
502
9925
8002
9116
8833
3933
8160
9998
4582
2433
4773
8190
4643
9270
2387
9713
41
8277
5462
2534
3102
5575
1925
8219
1154
6893
5410
8389
4730
649
7565
2240
4920
5517
7157
2788
7516
6766
5293
1904
195
1380
7901
8629
8862
5009
9039
1473
7230
2299
4842
4919
9498
9640
2717
9272
8595
7061
6993
6992
4111
4915
7664
7343
7041
9919
9556
8050
1898
6156
8407
8045
5001
4062
730
984
7118
4214
7538
5763
4492
7989
8925
8775
4140
815
1507
27
1454
1198
8711
9168
8667
7488
6667
697
54
9070
7331
7898
977
8137
1443
3292
1163
3411
4978
8682
6263
8695
6991
9067
6568
5943
5074
5244
1080
9680
6620
8329
4968
8540
5672
4568
2529
5411
1875
7283
5626
5167
9031
9408
4163
7019
7267
4190
1149
6502
3575
190
620
1658
2442
4044
4901
6196
3598
1688
7857
1631
9292
2789
9428
6098
5817
3646
6407
9202
5498
3648
8817
3269
4468
2760
5812
869
44
9369
7268
1756
5469
3177
3858
5778
5176
6986
1799
8481
7621
3296
876
7505
6279
9924
342
6197
7406
2900
2623
3824
7462
52
4111
9653
3309
6213
5018
3611
8130
7168
8850
2329
5849
1776
4285
2595
7115
857
1906
7713
9370
7897
1421
905
2017
7801
674
6648
1082
8863
2478
9186
3210
1684
7097
2659
8983
9933
6951
2033
2713
4344
6766
1169
910
1733
7153
2210
4792
3038
3195
8425
9985
8645
9544
282
8383
3432
9565
7968
1858
9811
8008
3610
3753
6435
7266
3523
1733
1170
6640
7643
6038
4836
6393
4151
7105
3389
4850
5105
3635
3933
3381
6445
9391
873
1424
554
8595
6550
2186
1473
8377
6340
7008
2110
8841
8102
9166
5112
2524
8170
7129
1550
5499
6777
7112
6639
3989
2412
2339
9686
64
3928
7620
5745
9687
7624
1899
6764
2498
774
3501
8063
9396
4134
3404
593
7901
7087
4673
9702
2319
2855
9942
1484
6381
2394
3904
6367
735
6598
4138
4772
7555
1350
6349
5240
7662
6648
5739
3509
2080
6701
3035
2349
7542
9245
878
3798
1272
1941
4560
1139
5986
3054
2762
2795
4929
3323
1685
6089
5299
5839
5593
6863
4976
2280
4147
9943
2712
6204
8820
183
386
7790
6246
4768
2996
4749
5371
3763
5696
7450
4830
3201
6987
5395
362
9694
9241
3409
2825
4321
2660
6394
5700
4123
908
5972
8058
3825
1992
7607
3452
4695
7962
9934
3397
9163
801
1546
4614
2956
1848
3698
4111
9653
4796
5850
5322
1417
5914
5151
2818
7740
6663
7389
577
668
7273
237
7750
4331
9218
7535
8997
3818
4334
6656
6777
6339
930
3367
2885
9699
7892
6145
5816
4146
9593
1895
4830
5937
4505
7162
5347
9774
7279
1611
4946
2983
8140
2552
1484
8601
6108
838
8549
8483
784
2456
7192
5916
9146
8762
3610
158
6152
2076
3244
1805
7799
2318
6330
4936
2328
3509
5760
7339
7008
2183
5916
286
666
8312
5807
4046
4759
5698
8062
7478
1814
2730
693
6042
2382
6213
8138
9775
3783
2663
4863
1610
1225
2291
4785
5396
5197
2308
1934
3638
5280
6246
1251
3383
9189
9394
4579
4287
6329
229
5316
6087
6962
2780
5508
2096
577
2589
601
1404
3047
6933
8885
7628
8020
8794
5960
3383
4026
668
5424
3700
3872
9101
875
2053
8899
2569
8205
3088
5110
7780
2157
6779
4826
7855
41
802
8312
391
7994
7352
3819
7578
5315
7528
4524
4950
7667
4455
901
1584
1770
3273
3174
8062
1799
5388
1702
8226
3952
3652
6321
3811
2907
3892
7696
9593
2009
4022
6551
1717
2707
3527
7335
555
940
5346
3380
1069
3510
2615
3841
3669
1216
4104
4742
2190
8301
6208
6132
3535
7424
5920
6479
6742
1603
3208
5434
9021
3239
782
657
7516
9318
1278
9599
171
7204
590
8096
4593
6356
2236
3729
3646
2103
4342
3876
6321
2687
182
9583
6743
9585
1928
179
4977
3513
5385
9147
416
3720
5343
7451
1792
3032
3087
2375
7022
8320
9839
5621
1351
8770
2184
9947
1679
4674
5319
8498
1915
3074
9968
3645
3323
4120
5519
7698
727
1825
8877
5046
789
4958
6204
9608
6373
4140
9488
8307
2361
6851
3737
6311
3827
3300
3856
7218
7709
4037
2638
8055
6672
5529
420
1632
1249
6696
2010
9008
2590
4158
4952
2577
6705
8127
8442
6268
9006
5880
8195
2808
719
1297
130
5561
1674
2430
9529
217
9675
3413
7168
4117
2851
1338
5157
3934
8253
2677
1261
8608
8697
9653
5708
4607
4839
2334
2397
7340
129
3038
686
888
3557
3854
6235
4592
9246
8260
2854
4118
1806
7476
6816
8304
714
7687
5143
3673
9138
8628
2459
1238
8491
3994
4334
4
2571
4032
8520
492
128
5587
180
2648
7518
5711
6027
7487
2675
2921
9675
1820
7625
6937
4435
4749
7831
4421
398
5591
2260
4968
7849
8535
4265
2433
2819
7459
6914
9384
1152
767
1
4955
5178
7356
2766
5223
3940
7387
5727
4130
5452
767
9248
3205
2989
4208
944
8807
5598
4427
4296
5125
4523
4678
4024
4269
5550
8866
3471
3178
9529
314
9670
7210
5346
7944
1466
1738
1083
6231
6133
9587
5837
1043
584
2414
6850
6492
3687
4483
6924
8281
5937
6783
564
2040
6810
8036
6722
3124
2790
7866
7590
8848
9701
2403
2962
4096
6214
4188
9540
9880
4361
4752
2915
3051
4116
5063
229
9141
1201
1115
8330
3236
5059
571
2905
8657
5716
2856
5525
8557
4044
2924
8316
9638
9856
5419
3052
345
8740
1682
114
8801
1918
6764
6353
7421
5113
7716
8219
640
866
8372
2590
6738
819
716
7774
1924
2538
1198
9595
1169
8805
693
6047
5408
7276
3926
9094
3701
330
2511
2762
5895
330
9853
6698
8012
3194
9385
3207
1761
6142
482
5531
342
500
9622
4614
1542
3632
4281
9894
6100
1332
7001
498
5168
9741
7832
1059
2521
5212
568
1280
8813
7759
8773
7108
9036
1196
7259
5534
6043
6537
6041
5861
6628
6603
765
1654
5850
8362
767
9404
8570
4237
1914
9706
7325
1383
3012
6311
4090
3901
3823
7975
8728
3602
5496
8162
9873
578
8061
2356
5571
6215
6652
3600
1024
3851
7270
2369
3765
4283
2434
6751
8023
8084
8110
7370
1001
5117
9376
23
5322
1281
9402
8132
4412
5319
2172
6649
2111
480
3220
5340
5068
5900
8928
3409
4958
5497
3396
8877
234
4793
2455
5541
815
9070
2888
1016
4584
4005
4142
5861
4767
6525
9644
5274
1820
1346
2740
7307
1578
4139
5202
4683
3051
6252
5321
5322
1346
2376
4411
812
3518
5398
530
4977
2454
7807
1452
9958
6015
3922
5683
9719
5963
8564
7594
3519
7228
8135
9875
6782
2598
9078
4013
5605
5891
9002
6555
1457
8576
2076
3968
8562
4228
6104
7910
9831
272
7258
7615
5848
9474
439
8114
1952
7636
6235
8071
1668
8577
7738
1662
9716
3592
3717
2968
7518
7993
3212
1945
2009
9532
4506
4326
1732
2545
6065
6585
3467
7409
5299
2803
9507
1108
4442
3745
8068
6060
1140
743
3456
4015
463
1576
4099
3138
2221
6520
6617
3936
228
4025
5206
8298
6757
5969
6678
4488
4230
4701
3042
3582
2782
7215
5739
2921
4653
8978
9815
7913
9782
2558
5877
409
3610
6439
5358
4553
1297
64
8442
7805
1063
1997
9388
5422
4242
9126
2924
2718
3323
6151
1279
3641
8112
9268
8900
8407
7957
778
125
5293
7587
7585
5560
9187
5150
7805
521
5521
1590
5444
4679
579
9642
9498
1872
1932
8419
9271
4873
2742
2517
8155
8661
5495
973
6136
3873
1871
9334
6589
3866
5822
3839
7971
396
4723
4433
3903
1001
2718
3727
4792
866
1319
7647
3891
4276
4488
8223
5354
9826
6357
6021
428
442
9468
680
5534
4023
1271
7829
3998
1635
1263
2286
4200
2039
1930
661
1361
2992
2181
3553
6417
1183
7229
4299
7166
1118
6582
8760
7539
5754
9679
7794
8575
289
4445
7333
218
2793
8387
2131
1843
2059
2035
8053
7412
4474
9247
7327
4903
8948
9384
3775
6322
9428
2920
5026
3773
6753
6410
3842
4964
4438
5575
9455
9064
8879
8972
2185
4688
1469
3446
1255
4014
2550
6736
232
8188
9004
4211
9956
1300
7736
6828
3853
8127
7187
6796
7767
5605
7217
9849
5793
5603
842
1633
6896
4907
7238
5502
2567
4725
4916
1557
3876
7284
9512
7545
4425
1987
703
3741
4390
8461
4928
390
4672
8620
8208
3934
7232
9322
7842
8213
4490
1795
2313
3474
2936
3740
5979
5944
7923
8060
917
2771
5598
2776
3349
6866
7327
8349
1288
5118
6506
6198
3536
8712
9435
9006
3489
546
3264
3519
8472
3011
4625
457
376
9006
8669
5662
1043
6828
5810
2474
4770
8421
6648
8752
2929
926
4891
5807
7114
6141
6116
8483
5004
2184
291
840
8088
9531
3386
4602
2567
6424
1257
6264
4235
8968
7201
9958
8161
3904
5351
4209
1008
3919
200
2446
5793
6371
5251
6092
3578
7052
8648
904
521
4136
4011
6718
6905
5853
8644
8973
5796
9590
8182
4100
4038
7477
4201
4280
8297
4454
1607
39
4978
4052
1120
5111
3223
1924
3467
280
5596
559
2905
6088
3529
2446
7863
5781
297
5582
9024
4749
4866
3922
7292
8129
8684
6152
970
8936
4511
8228
2805
7888
717
7576
9942
575
4713
2229
885
8823
4355
123
8365
9736
9858
5244
7244
7488
6764
5823
6771
4253
1253
4817
9808
7299
3393
1893
2422
7417
8984
1500
374
1230
7621
656
1852
9833
3642
3114
7416
942
1220
7140
7607
972
9991
680
8093
4803
2902
9143
8337
8051
9761
2037
7686
6655
5339
7298
5714
5681
3222
7988
7245
855
6237
5007
2535
9035
590
9031
165
2240
3315
5581
6522
3304
6124
1604
9311
4706
7594
2519
9631
2337
2922
9668
417
2376
7276
2016
4850
4834
8431
1950
5310
7950
155
5835
6459
8087
9626
1792
5810
9921
7075
7290
603
8143
7845
2550
8885
9058
765
4438
3679
7052
7396
5568
245
9795
8424
4054
5802
1761
5413
2608
9390
8071
528
4469
2956
9138
2224
3497
4867
6358
5369
4736
9823
1638
9766
8929
3795
86
963
7461
7813
7224
7156
2159
7367
3378
7813
2822
4909
8561
6526
7229
7520
5495
3187
4451
7326
8255
5110
5222
7931
5538
4473
9011
4184
3937
2372
9464
2686
1634
8319
6107
6919
5161
5149
1299
8010
4283
2037
8612
8737
1688
7982
2824
584
3985
3782
9481
6212
3332
5727
1659
990
3401
3542
8806
1515
7428
354
6129
4073
7739
1878
3034
3624
9522
4322
3202
738
690
2092
2885
9912
1912
8791
1799
1915
9705
4573
6826
3412
9907
6095
7052
1
4703
8661
6654
7692
7283
9443
2031
3801
1556
2299
4182
9835
520
8073
3903
6452
3945
6256
3084
776
4678
3710
925
8813
7844
4798
5179
7249
2145
778
8845
9127
121
9258
7774
2879
7329
861
5862
8849
6209
9747
8452
8870
367
8294
8781
7683
7494
1091
1102
3955
3174
6472
9678
8752
1380
4427
4319
8382
2674
2292
9923
3652
5290
9096
8074
8184
4707
7908
9706
9445
3158
6338
1048
2699
1611
9195
6274
7812
668
1465
3439
751
5563
536
2718
1034
7215
7864
2059
944
5818
8737
6800
205
2918
4356
9352
5754
6077
7338
3406
4954
7080
7420
293
4256
9775
9549
2225
6874
799
9384
7842
7262
1034
2145
9153
1359
6201
9275
1106
588
1452
4406
3577
5301
6705
6034
810
8347
7203
4772
6888
7939
5562
8228
8239
5671
4832
7185
6318
1882
2772
2770
6107
2101
6616
9833
3114
9138
2420
8662
4153
5732
2253
726
82
2145
3872
501
6964
446
9624
2183
2683
5653
8016
1263
4747
1701
2387
954
3612
3734
4318
5899
4303
9960
7270
3524
4767
8551
2726
7005
4291
3965
2513
6660
8480
1972
6790
1682
8219
1686
1522
4822
2635
4291
4815
9040
637
6382
1929
6716
49
4053
3217
4248
6450
8523
3931
2916
867
3283
4578
4726
4597
2587
7644
6614
5013
4723
392
317
9586
3592
2019
3877
7772
674
2121
6620
7272
4742
9401
6331
224
7656
8482
989
87
5009
2233
8991
218
537
4141
3795
5746
7010
2417
9552
3863
6961
1512
5913
9374
8617
1568
4920
338
4805
2357
3159
8737
5041
4805
6075
2909
6038
1556
7902
8131
9584
1894
5735
6920
7790
8217
7768
4687
8710
8134
4932
6952
5346
2124
2139
4258
9787
5772
5731
7233
1744
2932
1476
8555
2547
3443
5361
8716
5408
2443
6174
729
5691
308
9586
4865
7749
6316
7226
9456
1034
4061
4199
4109
4779
2743
6534
6083
4419
6109
4506
6557
5304
876
9224
7371
9247
2069
3935
4689
3036
3147
674
7054
1845
5976
7203
2730
9010
2090
8669
5864
1044
4971
7326
1067
7503
2430
1215
1397
1269
9621
9202
1914
9984
4656
87
6804
1323
3263
3035
2800
4637
4153
4925
3445
9412
4389
958
1157
330
8549
1397
4235
22
8355
1388
8628
5938
724
8586
955
9861
105
9022
2525
9452
1892
101
747
3625
4727
552
2669
6280
4696
4277
7027
7242
6320
6535
439
2224
5363
5269
5998
8134
2459
7589
5086
4713
8061
3579
74
7718
9901
8114
1096
5025
3452
3061
1891
1919
2191
6378
4540
5584
2300
3291
2843
6076
7758
6227
8500
5145
1687
1858
8437
6118
4805
573
4523
1832
9069
2789
837
5438
8836
4930
1152
8802
4253
235
8401
1999
5500
3653
3777
4730
5289
1334
3762
5086
3184
6229
3968
8504
3910
1887
2259
6411
8710
2408
4593
2689
7865
1773
3264
9536
4595
7442
5769
6932
8682
4573
4056
5758
4658
2077
9264
8169
4564
7912
2140
4660
4029
2464
6031
2625
4338
7954
6253
6842
1362
8859
1123
6875
1764
4902
3872
303
8350
1318
3063
1050
8135
157
3005
5072
1749
9703
4141
9441
112
3382
2363
4978
584
2986
70
7081
9265
5293
4758
8341
5292
9512
7604
519
6994
9605
8601
6753
2889
3011
6607
8089
7769
4271
9876
6153
2824
5973
3276
3639
5025
4003
3398
3404
3556
1734
6551
5476
9991
1476
2355
7809
473
9125
8938
9675
1879
7758
3950
88
8584
4043
2723
5556
4419
9305
3552
909
3904
7837
5778
3438
3308
4244
7615
6982
4502
7929
295
4036
4854
6044
2999
8770
3454
4837
5336
58
5672
8757
5444
6025
4686
6564
1768
9647
5625
909
7253
4176
6817
4274
3297
9019
5188
3309
570
9972
7906
1285
7467
2879
1524
2585
6503
3531
3468
9884
6018
3353
8504
2445
4990
9416
225
4561
5347
8015
8752
2351
1336
2550
6575
4840
670
5201
7165
7154
2477
8249
9179
1231
4821
1081
420
6286
406
7602
3834
3310
363
6235
635
8187
1105
4889
6579
1878
5750
2535
2282
4181
5101
5442
6702
4868
8701
580
4971
6614
5209
763
4439
876
2907
2789
1914
289
1769
6554
5723
1583
9673
421
934
5810
6273
7088
600
3192
2151
3212
3565
8321
9559
7610
1505
1848
2931
5769
2211
894
4660
3132
7144
3215
2591
7831
1019
6563
3539
7030
2626
3380
159
5562
4780
679
3392
7873
4006
8953
4552
3841
9549
183
9211
6864
1837
7658
5490
3635
8264
5405
6738
6545
8147
8444
9191
8900
2330
3835
2729
1019
980
9232
65
334
7425
9822
3141
2176
479
2479
1791
7866
8556
7917
188
3130
4150
1964
1056
7703
5518
3208
6950
687
5564
7159
613
5119
2331
843
5743
4270
7701
1383
8019
4614
2313
9482
5826
7168
6344
60
814
588
7760
9668
3758
3498
3856
7700
2239
7960
7626
1619
7285
3592
7926
5605
2415
8412
195
4072
1048
7153
7528
5933
7401
8902
1209
896
3211
1031
1781
6870
2843
8858
4524
6227
8087
645
8462
9733
1908
7658
2623
9713
1138
4849
3510
4920
1335
6384
533
2453
2648
5081
7411
6950
9239
2128
5636
1268
1189
8679
5482
4000
808
5241
6965
732
5352
3471
4069
9124
356
226
3425
2887
7426
2894
1184
2438
9395
4350
8165
311
7252
9482
1512
1926
3697
4010
3774
6489
8900
8854
4442
5071
3547
6956
4733
9172
7000
1100
698
4227
1153
6227
4004
9129
3688
3762
3784
2513
118
107
4023
3634
8592
6568
1372
8385
1163
248
7724
7300
4923
5462
843
8437
2343
2119
1850
8895
9065
176
9214
1032
9153
8546
3069
6938
1897
6771
7474
1167
2483
1626
9424
8105
4495
1255
9522
5356
5449
7804
5409
7193
8159
4876
4063
3431
2335
5103
7872
3440
1855
2559
4264
3045
9063
2338
1535
367
2440
6244
1057
6611
5376
4784
4179
6945
3941
7931
2848
3418
5775
8445
2721
2811
1315
1948
3434
570
2633
3911
4753
1612
5247
2797
2570
3248
5222
4023
206
5836
9866
8152
4794
8178
3280
240
9428
7806
6744
839
1032
2191
6273
588
8544
6095
7067
4810
594
3777
3992
2084
9347
4758
1980
589
4409
7228
9124
5862
3135
2292
4099
7525
9169
5598
7878
3182
8903
2995
9689
7793
9471
4639
6035
2943
1907
809
1549
8266
9049
7648
4384
1673
9705
9235
6443
4789
8697
9453
6500
4291
3893
6796
3414
9821
2346
6813
4680
4927
6673
9701
9774
6203
6329
7054
7753
6586
9181
2572
3210
8800
8756
5787
2949
2634
5256
7895
9824
1447
302
2488
8377
8304
9284
2632
55
4837
1097
3297
1769
3734
5205
6376
6603
9611
1225
9376
8536
1520
3410
6925
3481
7232
2375
3110
9130
3164
2674
5942
3326
8936
3676
5695
9945
7011
4208
8251
2331
6466
6897
1216
61
1128
8023
1695
243
7603
901
4026
2146
5205
3814
2656
7387
2045
310
2182
5733
3874
7261
7571
5993
5229
2486
4184
2439
5472
3966
6858
7462
6742
8071
93
4744
4727
7276
2511
4347
7048
2863
4127
3420
2046
6350
3288
567
5901
5541
4334
8793
1025
7436
1571
5190
5896
6257
5350
2839
9706
5009
6952
8075
9398
5471
8253
8094
3754
8599
3436
3095
8478
6012
9299
6810
5790
3629
8298
7055
7282
9943
9281
7034
2652
7444
8521
5209
4398
433
9436
9420
6341
6653
7979
6878
6886
4077
1186
9139
4819
4540
1769
2458
8505
1008
1786
6161
2761
488
601
8055
8978
8641
3301
8956
9288
8584
7082
5013
131
745
4865
4044
7782
5014
2341
9445
5833
4484
3986
5515
9446
5279
7707
6104
9021
2206
152
7795
8948
7841
9435
7028
9935
311
9421
7619
8392
9596
7290
9519
5243
8175
278
6778
9312
9665
3594
6113
2453
9497
7647
6634
9047
7909
3542
3990
2558
9340
6961
9302
4403
2318
194
89
302
4700
1710
6835
1616
980
2812
5418
5689
8213
544
5370
7127
625
2639
4712
2733
9664
9311
2820
8107
5713
1789
7223
2544
1708
5786
1628
6776
4178
5202
9339
3363
5158
634
4928
3077
1301
6822
3371
6339
8144
1236
8000
3840
2795
7512
5102
7044
2029
4741
221
7526
9656
421
6560
3366
9282
4085
8763
9594
66
6976
6782
9026
6487
5223
6382
3162
8242
7513
5557
1260
7556
7061
6416
6671
6001
8345
70
6960
7012
7317
8041
7931
1756
5265
949
3574
9156
8120
5189
474
4049
5936
5765
9487
5236
7239
1874
1459
4351
1020
9597
7239
1460
6070
334
5814
8025
3221
2517
5411
7560
1155
732
2334
4195
6807
9577
3346
7957
9142
112
4094
8899
1558
9492
6574
4241
9456
3486
9813
4016
8433
662
6009
3942
7821
2350
92
2294
3793
2639
1890
9134
740
6026
6868
4896
8617
5729
9695
1368
803
2974
4281
5788
8917
9504
6674
8785
4053
6551
8275
2298
3868
7125
5239
8060
9070
2356
2770
7741
8144
582
49
6554
2794
5224
9920
3431
5723
6160
4994
9746
2307
1285
7072
1393
7730
7021
6401
3369
9706
3841
930
5936
9475
8045
7283
2634
9899
3284
8318
9552
5175
8033
9396
3440
1147
9448
9478
5165
4610
1210
1469
710
2779
9735
3030
7061
432
4942
4078
3742
6100
6512
9333
807
5816
2435
3058
9750
9962
1762
7443
3973
3530
1746
2223
6755
1946
3439
6987
5717
3026
7733
4437
6074
557
7034
5936
9980
9108
8
3724
1297
645
2681
8529
1425
2160
2123
8264
5619
5277
9283
1302
9536
285
6957
9094
9353
923
4497
4818
9203
5199
1938
5150
3040
879
1329
2497
8170
1458
1150
4048
3689
7347
2062
6089
4324
7422
7336
137
1220
7850
6521
6698
3971
6883
1671
4973
9508
6546
1667
6608
3020
6860
2231
5084
8797
9428
4287
3965
4772
1150
3413
3455
6040
1393
7172
4673
8883
6551
4942
4793
6302
308
3449
5044
1332
5649
1892
7688
9272
7924
3719
6872
6531
6494
2904
8082
2085
1568
9178
1481
7101
8843
8064
4651
5540
5891
592
9374
5555
1214
354
1323
4917
9839
8135
7719
4790
2730
5847
3258
763
3059
1027
2286
8060
40
7817
9350
9100
3799
7605
3320
1353
3261
3684
7161
2175
7981
1620
3299
9911
3097
9384
8501
8908
3375
3224
4247
5054
7155
9156
6393
4911
5637
5289
615
8491
8303
9532
5947
3669
9950
3892
3983
9245
6458
9924
253
7309
9923
7110
4037
3955
2570
7283
1754
1176
3145
5566
6057
6223
2416
8993
9607
6393
2029
446
358
2357
8631
2904
4132
822
7831
5419
5313
1372
884
3061
3770
7588
1193
5336
6727
3259
789
1512
8157
7710
4287
9886
8464
4685
1716
127
3865
893
6015
9559
6160
9053
1059
8703
4567
977
6040
606
8514
618
6320
7867
8566
3030
2036
6752
8957
7843
5280
3450
9123
6687
8247
7485
945
2620
6564
4436
7028
1375
9135
4887
8712
9783
2505
8053
5302
2122
4868
3664
4423
395
6593
4921
5652
3976
8967
8720
252
8752
2717
2893
3681
946
4708
733
2927
8192
8900
5124
42
8451
1457
4625
4755
9224
2586
559
4390
3431
4655
7127
3043
5764
3452
7891
2247
5998
7958
782
1751
6613
3312
6087
2281
1978
122
9908
7870
350
1287
6162
7424
9756
7162
4731
8180
6434
9389
6881
9467
634
957
6550
2155
4792
4005
6254
2901
5420
3349
6604
4947
8599
8750
2889
2960
9178
9373
6756
6515
7609
6994
9155
3594
2607
3117
5639
3807
9675
4964
414
6825
953
7154
2049
9778
91
1535
7038
336
6453
9848
928
4259
1961
6315
4778
1674
7927
7682
7571
4770
6038
713
7306
8091
1888
4285
5835
4969
471
5363
714
3940
3301
227
9308
6524
5058
9887
3894
7598
7999
5667
5213
8667
6783
4683
7388
8635
85
3755
4883
7117
9207
5647
7628
3001
4050
112
4906
6597
3336
7712
6970
4192
1013
9506
7419
3694
416
7705
2362
7217
2060
6043
3558
9888
9085
5089
6595
8823
1559
2366
4202
1018
7602
2185
7677
1959
4459
7865
5207
6583
8404
2621
8626
2209
2412
4821
7139
6796
7225
704
4352
7214
1953
9779
1921
2437
6663
1330
9268
4849
9587
5342
5594
1421
9867
3755
4864
1368
6381
6957
312
4532
8895
6479
8757
5178
6605
6799
7734
88
1953
5561
3401
9529
3761
4286
8545
2815
1634
7969
7426
7647
3435
8463
6665
3561
8916
5208
7721
6850
6845
9150
5712
4192
4059
841
7432
6545
7261
6564
8841
2088
2605
2904
2683
694
6769
2
9450
2465
9489
1844
8018
9507
228
4885
2394
5746
2723
4741
9741
3783
623
7298
9955
8685
9806
1696
2286
2024
1472
1240
2672
3984
8800
848
2970
4120
8086
6947
5263
3503
7433
5420
696
7651
9729
6228
4352
9613
8075
1174
3279
5660
7430
3355
741
2257
4795
3128
9084
5301
1193
9664
5823
2531
7374
9526
1449
2741
3410
2547
1094
5518
4764
5344
2967
7441
5064
8561
7729
4013
9953
9102
3332
3958
9832
463
1449
3872
8678
7204
9493
5098
4366
5790
6027
6805
6395
1694
6045
9616
2121
6071
578
7841
1600
3650
3347
9778
635
4030
6912
6374
3879
4130
1376
5687
23
6193
5333
9085
5940
1913
6142
9228
369
4200
2022
2267
1308
1371
8697
5372
8385
1620
5799
3709
3289
2407
129
6250
575
225
2401
5805
2003
2326
3670
1652
3544
3382
2972
4716
4456
4378
9482
4607
6103
4929
3909
312
3828
9762
4146
8895
3052
429
3017
6373
457
7378
853
5885
6968
589
2760
8261
2280
9629
4091
2384
1054
4016
6322
3682
9782
365
9102
5063
5460
2413
9325
8912
2968
4486
6860
7675
6047
9974
2508
1694
7462
1464
8210
7647
6026
3510
8712
755
5851
2908
3314
9249
4207
708
6155
2498
2274
4468
494
9704
2123
4576
6448
7800
6234
4205
9690
3301
5902
2387
692
7963
2819
3517
7725
8308
2152
7057
8631
330
9279
5430
1584
7818
4173
3927
9739
8129
7233
8355
44
3670
5889
6846
4723
1091
7424
9512
7152
8242
3549
9544
8005
8688
1684
1525
2681
2416
7255
8608
2648
4783
8760
3985
4184
1007
7101
6812
838
3858
1526
8064
1711
261
4890
1980
9579
4454
5405
1806
2195
5188
7599
8537
9187
6258
318
227
6235
1159
4299
2969
2623
5445
7306
415
5086
9891
3859
9399
4672
7209
8645
9212
7321
3688
6874
4685
2154
8772
6918
177
295
3104
4953
2875
6610
3028
9892
3099
3606
2636
1512
4430
9792
9008
9306
6692
2360
2396
5890
428
606
5947
8483
4798
4222
5909
7333
1108
2214
2130
8478
54
3519
4889
8303
3937
7654
2474
4986
9715
511
7125
3666
9205
9215
3173
6299
2517
1752
7084
6304
2207
1554
1659
947
1160
5492
2318
5614
2311
529
6275
1353
1633
8143
7285
1669
5583
1732
9529
4133
1933
9785
9412
3068
5329
3792
519
4721
1862
2034
2936
6127
1173
3009
7774
8889
47
7484
9641
9899
1657
3505
5179
2123
2757
6828
5911
6478
1721
3934
981
5991
3710
7081
590
3851
7526
6839
8778
7440
5819
2171
8692
2148
5280
4191
5975
2985
8727
8188
9032
974
655
6456
3487
8889
3478
6234
3618
4736
4195
4681
1408
1223
1625
9218
9624
8931
8729
5049
6755
4685
5207
1190
4660
2626
9670
8816
7179
5112
1859
216
9616
7579
3435
4540
706
5894
4938
3660
5612
157
7409
8825
2016
5398
8899
7145
6260
2840
8188
7432
2998
523
4895
3400
3148
6479
7402
3529
780
8137
5880
5411
7237
7848
3203
8688
1641
6502
2755
1831
7063
3434
3144
8867
8521
4906
7424
6018
4535
877
7317
1001
2693
494
8950
3733
4064
5741
4944
2172
8593
4208
9609
8690
9995
4199
2729
135
8919
3645
9334
2830
6681
186
7642
1273
7342
8485
5171
6240
4101
6023
1175
1360
1095
2219
9137
1952
2788
8801
8828
558
7867
3234
203
1736
3462
557
9651
1719
2704
4160
3254
54
4404
8451
2541
8672
2867
2574
4321
9047
9313
2042
2150
8401
1517
6085
724
7933
6859
5967
963
724
6304
6898
1682
9450
1866
5854
4868
3299
1561
7762
3112
3906
7885
4263
3476
2573
6541
6870
6526
4684
3441
9066
4822
8673
6221
3504
5282
7697
4939
5803
4983
2848
4388
1236
1506
6379
3546
9854
2097
5711
8741
8151
9392
103
3096
9611
5235
1826
7839
8307
781
659
2520
2538
2075
962
3627
5376
3376
3088
9991
9336
1262
2199
9578
3804
1486
9424
2252
3376
6876
1551
4089
9700
3490
1592
3721
4707
6479
7973
4494
6056
195
831
2441
3696
6986
4089
3001
2458
9906
9629
7570
2203
1195
1038
4310
9279
6875
1468
2
6378
4970
7318
8664
9788
2881
506
3732
1810
58
5512
7309
473
3251
805
1098
702
1365
7915
78
3361
156
6141
4561
2904
7314
7
2205
5312
604
3172
2274
7598
1040
9562
9574
7795
1681
5489
2397
7021
9258
8113
5040
2139
9379
7928
2125
4153
9138
4666
4603
6217
2017
1587
5848
8051
6455
5432
9842
3043
5702
1100
4622
2192
8593
9678
7528
5965
2888
3519
3415
2681
7873
8802
5756
7537
4421
5709
1687
1349
9204
4427
6118
4327
4581
2867
7788
1967
2270
3396
393
572
7453
8471
6219
5398
7505
3654
5409
5167
4936
891
8248
9495
3381
2449
2852
3071
4189
5543
4156
4805
3951
6483
2611
8302
9134
1603
2319
8690
1740
9726
3767
4864
7380
2377
8477
1474
3636
6822
1462
8876
1830
9495
9106
3054
3129
5056
7421
7481
6848
2043
2849
8846
8199
4692
101
3826
7454
7268
6933
1022
9268
8524
3199
2834
7792
9031
584
1385
606
6258
1738
8408
3125
4968
6955
881
9025
6165
8106
9892
6210
1900
2104
6660
8385
3316
4160
3335
761
9453
6228
3879
5593
4832
934
8167
6389
885
1888
5759
4612
5486
673
5560
4650
7569
3765
9283
6194
4419
6367
7203
3863
3775
9141
9083
2047
4165
600
6018
1253
3632
4847
99
5233
6800
9535
1089
6966
22
4025
5768
5049
5886
928
9071
1785
2902
725
7225
9182
8125
2881
2522
7618
2535
4558
9383
1335
4205
4451
6198
884
6065
938
3237
3327
911
7823
1862
5464
7071
4359
8216
4400
8646
9722
385
901
9148
5167
9047
3083
4393
2051
1998
7848
7225
8822
7883
8572
831
4450
6519
8026
453
1128
8368
72
5073
7721
2761
9535
4499
2814
2322
1359
6122
4180
5122
9587
6839
1687
8672
316
3258
4010
2818
268
3512
9296
4348
8546
9358
1243
6682
9613
7359
7775
1641
6318
6537
2209
5663
4271
2726
7313
3419
5913
5503
4241
7367
5031
2314
1985
9146
7861
2276
3913
5834
8372
9737
1506
334
157
1968
6625
8866
6559
2564
5025
531
2295
8493
7836
6235
9691
6158
5318
8215
4835
3767
934
4259
7668
1146
1601
4471
6506
8682
1300
4890
1234
1088
9038
5653
4785
5080
5545
8707
212
72
9859
1092
4789
2560
5501
5489
743
8252
4911
8041
207
2247
6677
1642
7455
650
5371
1372
8655
9442
7824
4423
6762
208
7690
3732
1315
9129
1862
129
2082
2286
2889
8606
7326
8886
2281
4421
8120
295
4689
23
7282
6947
6485
3536
8107
6831
9778
7948
4633
4271
1265
932
5473
2157
2840
6753
3285
5961
8748
9505
9867
7418
6840
5238
7989
4979
9635
8716
6178
6368
2256
8803
5505
4816
2951
9146
4910
1356
5916
7533
3770
4661
3449
6501
8891
2284
2829
494
6349
1195
6368
2726
3379
5137
7490
6496
2127
2139
6303
7352
3433
2974
9760
6322
6031
6848
7682
4507
7786
9446
2859
6049
9528
9656
8110
3358
8603
3857
6509
720
9742
1635
7030
9716
287
3911
4187
7520
4334
8738
4882
4112
8400
2147
1685
3095
1600
1480
3671
2616
6995
1313
5301
9853
3990
6556
6164
4132
4279
367
444
1162
7932
7525
1264
95
3507
1999
9993
6297
1799
9340
2143
2037
4364
9219
9555
7416
9256
8589
9660
83
446
3567
9020
7077
4504
8501
8350
9626
5168
7723
2990
7634
1819
1733
7604
2636
3955
2974
8815
2113
7871
9725
4923
797
5841
2195
910
4295
1644
9185
3556
8498
8223
7015
6837
525
1459
2391
3408
1221
8813
984
8023
8202
7408
7430
3414
8574
5890
5703
7456
4698
1449
2345
9625
8763
322
4006
7770
3273
462
2073
9716
2440
6026
9819
4164
8408
5625
9094
3615
9031
6752
3819
5546
8551
2141
7166
5769
602
4789
1695
3842
1192
7545
3092
125
819
5364
4625
3018
5970
1076
9850
2591
9370
7458
3407
4349
9467
7455
7766
7614
230
9326
3319
9245
7180
7896
560
6097
7474
5103
6777
5687
2049
2723
2146
6588
7242
7307
5928
9108
6966
6577
5510
3162
1707
5484
8344
7956
4170
8650
6795
737
5701
7482
9425
7266
5663
4212
3264
275
3356
3382
9322
3333
1223
4539
9783
3497
1826
3578
8302
1850
9016
7593
2995
5512
8079
8955
3754
3725
3817
4861
4522
4381
7929
2729
2412
1711
9682
5605
2787
1666
5611
1147
2805
6798
9647
3030
3559
5897
2978
1094
6360
3826
6189
9664
3620
7133
8394
4661
3192
6299
6667
540
101
6390
8037
7743
8637
4182
4314
4527
9227
435
852
7733
9375
6999
8525
1606
4919
9439
9579
5538
985
3822
4041
5546
4812
3838
1985
6331
4887
2676
214
2347
3201
7102
2173
5119
2455
5452
1723
6518
2877
4985
5913
3814
9644
2948
6037
5665
5417
4991
643
8627
1301
4947
9472
9547
1089
2862
3911
3636
3018
8378
8588
4575
1266
4395
1765
1374
9231
3893
1465
1135
3085
4136
7904
307
3486
4057
9147
4938
4258
5166
9741
6125
4866
5125
7622
440
9909
2593
3520
7314
4310
2227
706
7722
893
4385
3938
848
3577
4373
3079
8589
8447
6021
2829
4319
4364
4778
7058
8149
726
8239
5917
6676
1425
9096
2222
8292
6254
4956
3872
8762
8238
9073
8955
34
548
8547
1207
8504
6792
4160
2235
3107
9335
7715
2466
2352
872
4347
8015
2486
1706
9399
9511
1387
5721
8080
2861
9747
6671
6995
716
3999
4567
2889
9565
298
1868
3669
3224
5339
3312
2938
1991
247
3513
9703
2405
5959
9238
1567
8566
4178
6800
4793
4336
8695
6683
1073
4759
1001
4620
2665
1383
7494
5316
1471
810
2790
5946
3628
505
1869
7990
3351
5599
2685
6666
2148
5753
3723
9403
1180
762
4139
7597
1145
9355
7275
8382
7454
9232
3690
5416
4514
6885
4019
2170
4327
3719
7002
9136
6827
3855
8689
3454
4842
8201
2663
1676
6686
1523
1214
155
6900
5473
1895
8182
4524
6717
7068
1828
3805
3835
1178
7881
3810
8523
2249
5740
4757
744
7754
5620
8167
2125
7820
4651
8969
6407
3866
5524
4746
9638
5381
553
2525
3629
921
7085
1973
4696
1870
5009
4049
6845
7886
1938
3390
7564
2622
6495
3357
4096
8330
5016
1139
2023
3010
2402
2470
2190
1835
5623
6795
8854
1523
538
649
9939
5909
5896
6761
770
6389
1898
4621
6954
4296
1159
6938
4156
9763
3078
3955
293
5759
1218
931
7202
3526
8854
8167
5602
29
1319
3526
6711
3741
2289
2973
9942
2399
7545
9323
4879
1348
6034
7430
3526
4190
7484
2057
9183
127
9590
9083
6121
3580
7220
1180
2097
557
1948
6446
8151
9028
8362
6206
509
8919
6179
3757
1420
1035
3958
6288
8353
6575
4974
2560
4901
6739
2901
8831
3594
4068
6483
584
6353
7829
9412
8209
456
6154
4359
8096
1360
1508
5698
727
3149
2292
3955
7565
8199
2302
5138
2491
6686
1324
1074
7696
7258
7867
3174
1233
6080
1366
1488
3536
1936
8622
6788
4327
1451
7491
6988
561
579
1985
901
2710
938
6681
3686
7457
6556
3307
4096
2016
1609
4333
4081
2824
9642
2139
7587
6722
9173
9435
5921
581
4396
9419
4346
3073
9535
137
3406
6357
8434
4223
7797
9006
5193
474
175
173
1183
5861
6742
4932
5126
9239
4527
844
1433
5669
8160
4230
990
4021
1835
1468
8135
8368
457
3
9047
179
482
5856
8129
2595
1784
7428
4988
1034
3491
7173
1988
8370
439
5754
1098
1741
9057
2258
5035
9439
7457
3042
7150
3416
9266
8538
9766
34
4644
7186
2695
2643
1851
4118
1926
6383
176
8539
8297
6174
9317
9149
1406
1845
1990
3958
2424
8340
3723
7901
7363
7532
7754
1817
5641
5290
5145
4577
4397
8260
417
1473
1140
1598
5806
8315
4739
4521
4707
8247
3332
9034
3770
7208
658
9731
649
2701
2948
5888
1104
8337
7495
1871
2447
9456
6451
9725
9477
9334
9071
4825
4851
3653
4561
904
4142
2034
9406
1508
7299
4221
31
4673
1926
236
4756
5374
3379
1219
6035
5540
8101
9409
5817
2015
1524
7050
8609
293
5193
2173
9394
9367
3102
6913
8978
2292
6368
2881
8009
5396
4342
8768
9056
3848
1628
7291
4568
7084
6904
154
8679
2933
8365
9171
286
5085
4685
4379
5638
7688
9738
3257
1544
4146
6149
9833
6443
4919
9336
4250
4744
3438
5999
5413
3754
2019
1952
1338
6818
2591
123
8681
6758
2759
7421
3545
8649
8878
2303
9256
4902
5976
5739
5472
3014
9948
2526
8562
2689
7652
601
7570
385
1684
8610
6399
5858
4597
7895
4621
9253
9213
6146
2657
5124
8621
1352
2552
6960
647
2956
596
1589
9657
7057
8517
7664
618
9628
9184
5815
9312
5191
6142
5574
1180
6722
1315
2394
1203
2421
1720
8342
7193
96
120
2227
6476
9123
3381
5813
7162
7993
6100
3880
8624
5807
9147
5977
5073
3603
1845
2561
2463
7992
9312
1132
3641
9029
6644
920
624
1085
5887
6601
5912
6537
6049
4313
4168
9409
9554
6525
2349
9019
8251
4642
7697
6522
9128
5046
8756
583
1431
6564
6100
5069
141
7191
9263
4878
9014
9487
9250
3075
4134
7986
6924
7265
4337
2249
9140
7415
1412
6923
9715
7812
9390
9720
1360
8581
142
9291
5415
2844
1882
1235
4597
9548
7993
2987
5650
9281
1262
7764
2219
365
1953
6564
8106
2236
9035
3336
8597
6201
6335
9653
8832
2953
640
44
5648
8485
1954
9836
7374
5494
4353
7586
3779
7497
8952
5483
3590
3906
9615
5594
6975
9628
4900
7716
39
7342
7524
472
4191
6106
9462
9277
265
9567
9909
4804
1718
9454
8344
8397
4237
5257
7136
3029
7733
6471
5069
5948
4767
9269
4381
1765
5891
390
5346
7206
3494
1675
9999
6047
101
6110
1327
7432
768
3192
3618
1267
214
1939
9124
3473
2920
5321
2124
3105
4621
2187
1310
770
9970
1150
3645
4809
6955
3231
6913
7374
1867
9751
5600
2497
4700
3162
9629
9354
3419
6778
9514
5662
6371
2152
2634
2685
8820
8634
6808
2553
2288
4328
382
4817
178
4561
3299
8475
5979
9754
2307
4720
3898
4166
3916
4752
5607
9794
2515
9399
8013
4503
385
3288
4034
2578
1486
4965
6420
3488
1752
5665
6529
3187
8912
796
3555
7346
2657
6654
4294
9788
6142
6495
8503
6861
9350
3010
2923
3481
6007
1714
1802
7781
3324
2645
534
8613
7972
5933
6572
4160
1841
6797
1845
9903
697
5753
9913
5925
9245
8262
6209
4937
9268
7872
5431
9054
6531
7386
4908
4163
1035
3296
6854
4438
959
3129
8596
9892
4608
5017
8624
2764
2183
4754
4864
6721
3054
4506
136
3374
923
759
4527
5715
7274
6103
5196
8718
9398
6541
6302
7157
6516
7861
2341
9264
2701
3225
1808
580
9621
1292
2868
2521
7660
7331
6725
6253
8353
4692
9428
3297
8126
1862
5013
2337
7668
1736
8620
4145
3092
6429
4756
6115
8390
7509
748
9493
9722
8616
6302
7864
409
8235
1484
7771
4438
676
2473
757
8791
8746
114
3330
3450
1526
8919
9077
8518
1414
2810
7755
7759
1952
6947
6784
7397
8724
2525
1659
7370
2554
3169
7652
2878
1786
6157
8103
4297
4218
6832
7728
9860
3026
1908
9845
404
4139
2569
4051
2260
1254
3098
2225
2462
2506
7518
6225
5525
7237
8446
8789
7538
8035
8030
4830
3226
9084
1481
1935
792
408
3341
9136
2588
9278
8912
4990
9503
5450
1486
8112
3538
3692
8848
7109
994
429
8523
9305
7674
8045
4866
5447
9414
7640
9576
7063
9247
1591
9510
568
2839
3682
4341
1449
835
9603
5961
8706
9072
1462
2395
3616
451
4908
9553
1181
2273
7823
4395
1469
1864
6992
5741
3940
8424
9772
2436
5062
5026
3213
215
6279
2955
1533
796
4848
5468
4709
883
4707
1498
8547
2467
4198
7133
7482
8575
8091
3583
851
2149
9728
4659
3986
4979
8370
1679
7027
5494
3549
2455
2003
7552
7230
8199
3851
2837
3209
2781
6471
1395
1574
5953
6341
7515
774
6082
3753
8944
9636
7567
3358
9547
2631
2558
358
3528
5380
7132
3794
1697
8688
6946
9693
3205
2786
8608
8034
2981
1399
6137
1215
6139
512
346
6449
8119
3958
888
3342
8679
3981
9253
5138
5106
4806
2943
4337
4225
9918
8181
6796
618
3652
1863
9134
651
7400
4681
6006
9120
6175
9027
8111
6849
7267
4200
282
8474
9991
9649
4205
6280
3496
470
2357
6893
4255
9352
3367
4081
5940
3998
3109
5333
3212
1737
3356
6772
7730
5062
7001
9241
612
4192
3708
3575
724
3472
9060
3177
7695
6082
554
1159
1083
5237
6266
1265
7625
3486
2652
555
9418
3401
7473
982
1069
6782
6169
2854
1990
4220
1329
7813
3211
4149
1705
2931
7544
1829
244
5784
690
8495
7961
1656
6104
5254
2998
8770
230
6950
7028
4581
8051
4349
3429
1424
2555
9017
7914
9604
4151
2078
9889
4711
6759
6836
6028
344
5233
1035
8829
8010
627
3868
8029
5168
4341
3662
6380
675
9466
8082
5282
7443
3285
9915
100
7447
73
1581
6530
3314
6040
9185
7502
4997
3757
1730
87
7083
9381
631
6019
4356
295
6973
6603
5858
5669
7953
4528
90
7450
7463
8875
9815
4563
1529
6450
3201
6747
4943
8231
2404
2415
1944
9162
3937
5248
6611
2991
1294
1334
8476
874
9258
9489
8246
6135
5425
4811
2097
6630
2760
9866
4857
9331
7494
4002
5995
3076
8640
4438
2772
2555
2399
4734
7031
5515
7343
677
203
8296
295
4378
4239
8519
480
2646
3051
644
6867
9949
4180
2691
7876
3101
4955
7326
1989
6004
3540
1341
6552
5502
8350
7155
3045
9931
6819
8677
3636
8575
8173
6053
7560
4131
2803
9437
3273
7354
2527
8488
3179
8862
8654
9818
4080
296
2675
575
3207
9182
2232
4641
5727
5398
1474
9539
1292
5865
335
1738
276
6259
6895
1996
9335
5559
5213
2624
9833
9215
3000
4069
1758
7393
6930
9583
9008
5678
9956
5052
5248
9572
9772
8900
6679
4323
4132
8671
1687
12
4288
6736
6387
4132
2324
4479
2295
4201
1423
9829
4117
300
8728
4656
5502
3820
9764
2054
8762
6052
5761
4183
6052
6970
19
6955
4
4280
1256
1642
7226
1319
6921
7370
2580
2647
3935
3155
4348
9548
8576
9999
6417
3939
1589
6141
561
9058
8921
772
6176
7741
1232
9620
6503
6340
4881
4873
9180
4362
8370
2905
6809
7872
9230
2765
3324
1040
2838
940
5675
2518
4849
9410
1537
6760
4913
5663
5369
8183
2516
9932
9974
7165
6275
7161
7165
7750
2827
6754
8560
8636
7957
5056
7608
2314
8068
1515
7326
610
3179
2989
1958
1546
9784
114
4968
720
1425
5068
9036
623
5866
5218
2850
2282
8480
1528
7995
7605
52
4170
3127
2243
9079
8403
396
7673
7551
9482
3295
2481
7731
9099
2451
7244
7353
5012
6187
5071
6409
7574
1837
5310
6142
8603
294
9414
761
7255
2852
5011
977
6790
851
226
299
6677
3431
5409
465
7869
2771
8147
1234
5818
8340
2975
87
8539
3598
1032
3085
7042
6129
7080
644
570
2006
6485
3219
8424
892
2021
5989
6825
9385
3502
5860
715
1199
6694
3520
5049
1038
5305
5212
7390
543
2233
9606
9387
3076
1936
5921
6931
9242
6401
8881
2531
8648
700
8194
863
743
768
8389
8184
9021
3098
2343
4505
8871
7676
2592
8673
2403
3785
7973
2891
7799
6397
7259
6136
5330
538
8041
8079
7741
2925
7448
4907
2926
6270
5066
1314
5209
134
2356
1333
1858
7883
3289
1091
7155
8791
5332
2473
7206
3239
3121
1124
5953
6591
9401
8567
5916
1803
1033
1704
8255
7904
3998
5396
2508
2944
2718
2819
1590
12
9174
5574
2653
1509
524
845
8279
6427
1200
7813
2253
5254
7028
9950
6719
9571
4549
1883
8789
9334
9796
4883
4131
7726
1430
212
3495
934
5396
4263
2403
1575
6240
3374
5873
4603
9813
5946
9656
5804
3321
8170
9322
8315
2114
797
343
1357
8817
2025
1442
9855
736
3956
557
3483
7524
9967
3011
3939
9055
9778
1842
6073
5269
4002
5380
6177
6984
8175
440
2558
4114
2011
3586
4473
8014
1941
4907
4897
4180
4835
6278
5932
399
9454
8209
5435
1965
1351
2484
5867
34
7832
7113
6824
1529
6389
5720
5820
9193
7376
2253
9189
991
8604
2680
6853
4222
618
6017
7235
3120
7263
8294
2271
1111
6263
8067
5138
4340
5234
6269
115
9763
9116
907
3366
5793
5883
9697
4976
5723
1473
906
1157
7589
3041
6625
7234
5076
3215
3132
5303
9881
4176
6166
8380
3402
7185
2056
1780
5886
3251
4611
1727
964
5187
2524
8937
3793
4824
5796
2784
2164
4454
403
4195
8712
7023
8529
7173
2453
4985
8033
9457
6099
4507
1402
6568
29
8913
9442
8757
3150
2703
4777
3874
1530
8609
4608
6340
2859
2417
9045
9120
4119
4962
5372
6673
6346
9801
8715
18
6470
7836
3586
2805
3155
3010
6437
9126
2196
2346
1639
4458
6216
760
3701
865
6377
3722
3932
8074
2421
1129
6328
3014
647
1914
5642
1428
5618
3812
9636
1996
5641
9660
7348
4631
7149
7708
4444
4507
1011
7202
1130
9765
737
756
9737
9119
6966
9042
626
9457
1811
6036
1616
275
3594
8962
4783
5344
7345
9650
7984
9607
8579
6076
9244
7035
8579
7530
3490
8907
1150
843
5967
9643
4524
6710
5929
3729
7858
5692
4984
4108
4504
6230
6337
6381
9346
3278
2561
4746
1485
4921
4754
7976
6216
2897
2061
2838
9372
6465
8764
7913
9753
9642
4746
9681
3358
9123
8746
8522
4596
8413
129
8910
8856
9988
9793
8568
9316
6705
5939
8548
7993
8652
7919
2674
9083
8303
5211
4810
2713
8038
8334
9785
2119
3747
9984
6713
6890
3598
7504
2527
1311
4361
5777
2973
3384
8353
6594
472
2724
7712
9401
9108
4106
9584
7771
8043
2418
202
490
6300
7536
2508
3195
1632
6158
601
899
4408
932
3307
894
4531
4247
8132
5980
780
4075
5313
5785
6927
9990
7471
2071
700
4451
6504
9209
2628
5504
8838
1790
5888
4869
7240
6393
9922
7408
114
4729
9283
1729
4414
4330
395
5023
6465
8215
4751
8006
6265
5353
6724
8430
1330
5905
8529
3929
568
478
8291
8712
7286
2476
1547
3418
9789
8313
5650
6339
4928
3797
8972
3909
8044
5333
5754
1565
7285
2548
5513
2636
3196
4647
8217
3024
6173
7979
776
5311
5076
8846
9260
2080
1663
1174
3423
6086
383
9986
2084
5401
3288
6523
6345
1234
1560
4214
533
6067
8420
5929
3600
2353
1678
423
2082
7856
9523
8442
8467
7721
5472
5308
7554
762
2997
642
3426
8410
5490
2678
3518
2823
9710
4191
3164
2926
1798
1839
2495
2519
7010
201
8727
4218
9171
5388
4100
609
1017
3377
4744
780
1393
6493
3770
9195
6924
579
2486
9836
2538
905
3889
753
5
2597
539
77
3147
6469
6253
4779
5075
5112
9554
2970
672
1195
4258
5977
2787
4276
1002
5979
2458
8981
5175
375
7751
8925
8272
560
6540
801
3588
7435
1538
2162
1624
4802
9337
4859
1315
3396
1994
6122
8453
7814
4600
2168
4001
1307
2213
7959
1612
9131
8944
3655
7406
6547
6699
4404
2341
120
6107
1072
3544
8201
9466
4809
3817
8673
3734
8774
4644
4742
4092
8019
2980
1169
2511
3478
9797
7386
882
3918
9988
1119
662
7064
6994
2304
988
9309
7863
3595
4204
3787
8324
6975
1982
8237
3201
4831
5222
1306
1445
6181
6669
6040
6003
2976
5402
5466
9441
4299
7807
4813
9572
411
4368
7275
4792
4517
6974
3658
2204
346
9922
8693
6506
9169
613
740
9427
1007
8811
3066
3033
1797
9361
8331
9014
7781
2892
7000
1978
5122
1424
3577
8066
356
3154
389
355
1957
7781
9473
8999
6731
8768
3715
7358
8866
321
4353
9205
9189
7387
75
9412
377
6779
2274
4913
7383
5353
8627
7523
6451
5977
9076
5633
125
1408
6138
9800
6340
2404
2773
5339
5954
9389
6281
8453
2808
5736
185
218
8774
6410
577
9883
439
6128
5664
6681
3543
1749
3824
5296
5010
9390
9332
6341
5723
2831
494
5563
4837
2704
6762
4686
3634
4202
5290
2274
4069
8012
446
2710
6
4218
5311
3634
6562
4564
9177
2816
2619
6645
6387
3447
1091
930
4108
2641
9361
3074
1828
5167
4942
237
1668
4883
2415
2957
4043
3770
7135
3217
2534
3388
87
4353
490
3084
3709
5419
4513
555
7559
3868
5919
1545
7130
362
6000
2267
1476
8142
4209
6360
1617
2735
1303
1901
7694
73
1919
4193
9960
7837
9939
1458
400
6306
4102
